chrI
1 79663
80026 182617
182960 218638
219413 230218
chrII
1 5461
5544 129451
137655 182571
182689 231508
234545 304077
313814 365962
366063 426312
426669 780314
780470 813184
chrIII
1 147024
149746 209455
223759 263035
268846 269171
269960 316620
chrIV
1 164281
168106 323482
323678 677271
677463 890027
898017 1023135
1023234 1075920
1080944 1531933
chrV
1 50476
51276 298328
298429 493727
498424 570337
575203 576874
chrVI
1 184808
190170 270161
chrVII
1 29251
30291 146193
151420 154292
156106 449265
449382 503453
505410 679473
679849 732920
736055 989024
989908 1090940
chrVIII
1 146329
146457 549636
549760 562643
chrIX
1 174
571 129407
134949 157266
167229 242219
244861 382936
387661 439888
chrX
1 161306
161459 355181
357648 643788
648893 705920
707165 745751
chrXI
1 666816
chrXII
1 132365
132455 454827
468930 599065
600247 606920
607111 793756
795689 823441
823507 976862
981699 1078177
chrXIII
1 357002
357338 744377
749189 924431
chrXIV
1 6702
9573 364838
365761 784333
chrXV
1 216434
223116 368873
371979 874525
875136 1091291
chrXVI
1 147
1685 13220
15495 527592
541071 893865
901909 944353
946169 946250
946324 946487
chrM
1 85779
