Edge	6	834	1032	0	0	0	5	-1
	Sequence	+edge_4_0_+disjointig_101_0_22778 22778 4 22779 0 22778
Edge	7	894	871	0	0	0	5	-1
	Sequence	-edge_4_0_+disjointig_101_0_22778 22778 -4 22779 0 22778
Edge	8	1521	1510	0	0	0	7	-1
	Sequence	+edge_5_0_+disjointig_102_0_15857 15857 5 15858 0 15857
Edge	9	1712	1078	0	0	0	7	-1
	Sequence	-edge_5_0_+disjointig_102_0_15857 15857 -5 15858 0 15857
Edge	10	497	1395	0	0	0	4	-1
	Sequence	+edge_6_0_+disjointig_103_0_17773 17773 6 17774 0 17773
Edge	11	1147	1061	0	0	0	4	-1
	Sequence	-edge_6_0_+disjointig_103_0_17773 17773 -6 17774 0 17773
Edge	12	1547	1696	0	0	0	6	-1
	Sequence	+edge_7_0_+disjointig_104_0_35895 35895 7 35896 0 35895
Edge	13	574	1064	0	0	0	6	-1
	Sequence	-edge_7_0_+disjointig_104_0_35895 35895 -7 35896 0 35895
Edge	14	1665	1597	0	0	0	7	-1
	Sequence	+edge_8_0_+disjointig_105_0_48388 48388 8 48389 0 48388
Edge	15	935	1675	0	0	0	7	-1
	Sequence	-edge_8_0_+disjointig_105_0_48388 48388 -8 48389 0 48388
Edge	20	1672	431	0	0	0	6	-1
	Sequence	+edge_11_0_+disjointig_108_0_43431 43431 11 43432 0 43431
Edge	21	1654	578	0	0	0	6	-1
	Sequence	-edge_11_0_+disjointig_108_0_43431 43431 -11 43432 0 43431
Edge	24	924	1337	0	0	0	3	-1
	Sequence	+edge_13_0_+disjointig_110_0_26508 26508 13 26509 0 26508
Edge	25	1073	689	0	0	0	3	-1
	Sequence	-edge_13_0_+disjointig_110_0_26508 26508 -13 26509 0 26508
Edge	34	1104	835	0	0	0	7	-1
	Sequence	+edge_18_0_+disjointig_115_0_17897 17897 18 17898 0 17897
Edge	35	1076	1399	0	0	0	7	-1
	Sequence	-edge_18_0_+disjointig_115_0_17897 17897 -18 17898 0 17897
Edge	36	1632	1312	0	0	0	5	-1
	Sequence	+edge_19_0_+disjointig_116_0_63244 63244 19 63245 0 63244
Edge	37	1620	1194	0	0	0	5	-1
	Sequence	-edge_19_0_+disjointig_116_0_63244 63244 -19 63245 0 63244
Edge	40	1374	1424	0	0	0	4	-1
	Sequence	+edge_21_0_+disjointig_12_0_74435 74435 21 74436 0 74435
Edge	41	965	1657	0	0	0	4	-1
	Sequence	-edge_21_0_+disjointig_12_0_74435 74435 -21 74436 0 74435
Edge	42	1432	1607	0	0	0	4	-1
	Sequence	+edge_22_0_+disjointig_120_0_29488 29488 22 29489 0 29488
Edge	43	1214	1604	0	0	0	4	-1
	Sequence	-edge_22_0_+disjointig_120_0_29488 29488 -22 29489 0 29488
Edge	44	1229	1029	0	0	0	4	-1
	Sequence	+edge_23_0_+disjointig_121_0_43996 43996 23 43997 0 43996
Edge	45	1688	1192	0	0	0	4	-1
	Sequence	-edge_23_0_+disjointig_121_0_43996 43996 -23 43997 0 43996
Edge	46	1114	1069	1	0	0	8	-1
	Sequence	+edge_24_0_+disjointig_123_0_17626 17626 24 17627 0 17626
Edge	47	1631	1158	1	0	0	8	-1
	Sequence	-edge_24_0_+disjointig_123_0_17626 17626 -24 17627 0 17626
Edge	48	1578	1451	1	0	0	12	-1
	Sequence	+edge_25_0_+disjointig_124_0_38771 38771 25 38772 0 38771
Edge	49	1599	1410	1	0	0	12	-1
	Sequence	-edge_25_0_+disjointig_124_0_38771 38771 -25 38772 0 38771
Edge	54	1687	1722	0	0	0	3	-1
	Sequence	+edge_28_0_+disjointig_127_0_24775 24775 28 24776 0 24775
Edge	55	1588	1586	0	0	0	3	-1
	Sequence	-edge_28_0_+disjointig_127_0_24775 24775 -28 24776 0 24775
Edge	58	1407	1184	0	0	0	6	-1
	Sequence	+edge_30_0_+disjointig_129_0_32465 32465 30 32466 0 32465
Edge	59	1531	1299	0	0	0	6	-1
	Sequence	-edge_30_0_+disjointig_129_0_32465 32465 -30 32466 0 32465
Edge	64	1564	1553	0	0	0	3	-1
	Sequence	+edge_33_0_+disjointig_131_0_6668 6668 33 6669 0 6668
Edge	65	901	1144	0	0	0	3	-1
	Sequence	-edge_33_0_+disjointig_131_0_6668 6668 -33 6669 0 6668
Edge	66	1591	1558	0	0	0	3	-1
	Sequence	+edge_34_0_+disjointig_132_0_11490 11490 34 11491 0 11490
Edge	67	1272	1549	0	0	0	3	-1
	Sequence	-edge_34_0_+disjointig_132_0_11490 11490 -34 11491 0 11490
Edge	72	1540	1419	0	0	0	4	-1
	Sequence	+edge_37_0_+disjointig_136_0_29277 29277 37 29278 0 29277
Edge	73	1720	1635	0	0	0	4	-1
	Sequence	-edge_37_0_+disjointig_136_0_29277 29277 -37 29278 0 29277
Edge	74	1693	776	0	0	0	5	-1
	Sequence	+edge_38_0_+disjointig_137_0_72277 72277 38 72278 0 72277
Edge	75	857	1536	0	0	0	5	-1
	Sequence	-edge_38_0_+disjointig_137_0_72277 72277 -38 72278 0 72277
Edge	76	1396	1639	0	0	0	3	-1
	Sequence	+edge_39_0_+disjointig_138_0_29582 29582 39 29583 0 29582
Edge	77	1296	1162	0	0	0	3	-1
	Sequence	-edge_39_0_+disjointig_138_0_29582 29582 -39 29583 0 29582
Edge	78	1527	1526	0	0	0	6	-1
	Sequence	+edge_40_0_+disjointig_139_0_81790 81790 40 81791 0 81790
Edge	79	1518	1393	0	0	0	6	-1
	Sequence	-edge_40_0_+disjointig_139_0_81790 81790 -40 81791 0 81790
Edge	80	1695	1606	0	0	0	3	-1
	Sequence	+edge_41_0_+disjointig_14_0_14589 14589 41 14590 0 14589
Edge	81	1411	1719	0	0	0	3	-1
	Sequence	-edge_41_0_+disjointig_14_0_14589 14589 -41 14590 0 14589
Edge	82	1376	1442	0	0	0	6	-1
	Sequence	+edge_42_0_+disjointig_140_0_44156 44156 42 44157 0 44156
Edge	83	1513	1006	0	0	0	6	-1
	Sequence	-edge_42_0_+disjointig_140_0_44156 44156 -42 44157 0 44156
Edge	84	1658	1364	0	0	0	5	-1
	Sequence	+edge_43_0_+disjointig_141_0_27109 27109 43 27110 0 27109
Edge	85	1704	1522	0	0	0	5	-1
	Sequence	-edge_43_0_+disjointig_141_0_27109 27109 -43 27110 0 27109
Edge	86	836	1508	0	0	0	4	-1
	Sequence	+edge_44_0_+disjointig_142_0_51742 51742 44 51743 0 51742
Edge	87	1650	1401	0	0	0	4	-1
	Sequence	-edge_44_0_+disjointig_142_0_51742 51742 -44 51743 0 51742
Edge	88	1609	1593	0	0	0	5	-1
	Sequence	+edge_45_0_+disjointig_143_0_23653 23653 45 23654 0 23653
Edge	89	1681	393	0	0	0	5	-1
	Sequence	-edge_45_0_+disjointig_143_0_23653 23653 -45 23654 0 23653
Edge	90	1245	1674	0	0	0	6	-1
	Sequence	+edge_46_0_+disjointig_144_0_46017 46017 46 46018 0 46017
Edge	91	1457	1509	0	0	0	6	-1
	Sequence	-edge_46_0_+disjointig_144_0_46017 46017 -46 46018 0 46017
Edge	92	1344	1306	1	0	0	9	-1
	Sequence	+edge_47_0_+disjointig_145_0_44416 44416 47 44417 0 44416
Edge	93	1668	1524	1	0	0	9	-1
	Sequence	-edge_47_0_+disjointig_145_0_44416 44416 -47 44417 0 44416
Edge	96	1286	1499	0	0	0	4	-1
	Sequence	+edge_49_0_+disjointig_147_0_40280 40280 49 40281 0 40280
Edge	97	1465	1653	0	0	0	4	-1
	Sequence	-edge_49_0_+disjointig_147_0_40280 40280 -49 40281 0 40280
Edge	100	997	1490	0	0	0	4	-1
	Sequence	+edge_51_0_+disjointig_149_0_49753 49753 51 49754 0 49753
Edge	101	1532	1491	0	0	0	4	-1
	Sequence	-edge_51_0_+disjointig_149_0_49753 49753 -51 49754 0 49753
Edge	104	818	1267	0	0	0	7	-1
	Sequence	+edge_53_0_+disjointig_150_0_32175 32175 53 32176 0 32175
Edge	105	1486	1449	0	0	0	7	-1
	Sequence	-edge_53_0_+disjointig_150_0_32175 32175 -53 32176 0 32175
Edge	106	1261	1610	0	0	0	4	-1
	Sequence	+edge_54_0_+disjointig_151_0_11064 11064 54 11065 0 11064
Edge	107	1605	1724	0	0	0	4	-1
	Sequence	-edge_54_0_+disjointig_151_0_11064 11064 -54 11065 0 11064
Edge	110	1648	1478	0	0	0	4	-1
	Sequence	+edge_56_0_+disjointig_153_0_10304 10304 56 10305 0 10304
Edge	111	674	480	0	0	0	4	-1
	Sequence	-edge_56_0_+disjointig_153_0_10304 10304 -56 10305 0 10304
Edge	112	1477	785	0	0	0	5	-1
	Sequence	+edge_57_0_+disjointig_154_0_27228 27228 57 27229 0 27228
Edge	113	645	390	0	0	0	5	-1
	Sequence	-edge_57_0_+disjointig_154_0_27228 27228 -57 27229 0 27228
Edge	114	921	1474	0	0	0	3	-1
	Sequence	+edge_58_0_+disjointig_155_0_8632 8632 58 8633 0 8632
Edge	115	1470	1176	0	0	0	3	-1
	Sequence	-edge_58_0_+disjointig_155_0_8632 8632 -58 8633 0 8632
Edge	116	1346	1207	0	0	0	3	-1
	Sequence	+edge_59_0_+disjointig_156_0_4605 4605 59 4606 0 4605
Edge	117	979	1537	0	0	0	3	-1
	Sequence	-edge_59_0_+disjointig_156_0_4605 4605 -59 4606 0 4605
Edge	120	1468	1241	0	0	0	5	-1
	Sequence	+edge_61_0_+disjointig_158_0_25065 25065 61 25066 0 25065
Edge	121	1332	772	0	0	0	5	-1
	Sequence	-edge_61_0_+disjointig_158_0_25065 25065 -61 25066 0 25065
Edge	122	1682	1462	0	0	0	6	-1
	Sequence	+edge_62_0_+disjointig_159_0_45508 45508 62 45509 0 45508
Edge	123	385	1056	0	0	0	6	-1
	Sequence	-edge_62_0_+disjointig_159_0_45508 45508 -62 45509 0 45508
Edge	126	1552	1458	0	0	0	5	-1
	Sequence	+edge_64_0_+disjointig_160_0_40093 40093 64 40094 0 40093
Edge	127	1215	1381	0	0	0	5	-1
	Sequence	-edge_64_0_+disjointig_160_0_40093 40093 -64 40094 0 40093
Edge	130	1550	954	0	0	0	3	-1
	Sequence	+edge_66_0_+disjointig_162_0_21801 21801 66 21802 0 21801
Edge	131	1309	1453	0	0	0	3	-1
	Sequence	-edge_66_0_+disjointig_162_0_21801 21801 -66 21802 0 21801
Edge	140	1546	1004	1	0	0	8	-1
	Sequence	+edge_71_0_+disjointig_167_0_20443 20443 71 20444 0 20443
Edge	141	1131	1382	1	0	0	8	-1
	Sequence	-edge_71_0_+disjointig_167_0_20443 20443 -71 20444 0 20443
Edge	144	1482	930	0	0	0	4	-1
	Sequence	+edge_73_0_+disjointig_169_0_18799 18799 73 18800 0 18799
Edge	145	1416	729	0	0	0	4	-1
	Sequence	-edge_73_0_+disjointig_169_0_18799 18799 -73 18800 0 18799
Edge	146	1431	851	0	0	0	5	-1
	Sequence	+edge_74_0_+disjointig_17_0_50719 50719 74 50720 0 50719
Edge	147	1408	962	0	0	0	5	-1
	Sequence	-edge_74_0_+disjointig_17_0_50719 50719 -74 50720 0 50719
Edge	148	1438	595	0	0	0	5	-1
	Sequence	+edge_75_0_+disjointig_170_0_34419 34419 75 34420 0 34419
Edge	149	1235	1305	0	0	0	5	-1
	Sequence	-edge_75_0_+disjointig_170_0_34419 34419 -75 34420 0 34419
Edge	150	714	1320	0	0	0	6	-1
	Sequence	+edge_76_0_+disjointig_172_0_23074 23074 76 23075 0 23074
Edge	151	908	1577	0	0	0	6	-1
	Sequence	-edge_76_0_+disjointig_172_0_23074 23074 -76 23075 0 23074
Edge	154	868	765	0	0	0	6	-1
	Sequence	+edge_78_0_+disjointig_174_0_19646 19646 78 19647 0 19646
Edge	155	460	1391	0	0	0	6	-1
	Sequence	-edge_78_0_+disjointig_174_0_19646 19646 -78 19647 0 19646
Edge	156	1288	1592	0	0	0	3	-1
	Sequence	+edge_79_0_+disjointig_175_0_9566 9566 79 9567 0 9566
Edge	157	1210	1317	0	0	0	3	-1
	Sequence	-edge_79_0_+disjointig_175_0_9566 9566 -79 9567 0 9566
Edge	158	985	1698	1	0	0	8	-1
	Sequence	+edge_80_0_+disjointig_176_0_12203 12203 80 12204 0 12203
Edge	159	1319	1384	1	0	0	8	-1
	Sequence	-edge_80_0_+disjointig_176_0_12203 12203 -80 12204 0 12203
Edge	160	1383	885	0	0	0	4	-1
	Sequence	+edge_81_0_+disjointig_177_0_24268 24268 81 24269 0 24268
Edge	161	1318	1079	0	0	0	4	-1
	Sequence	-edge_81_0_+disjointig_177_0_24268 24268 -81 24269 0 24268
Edge	162	1313	1380	0	0	0	5	-1
	Sequence	+edge_82_0_+disjointig_178_0_27685 27685 82 27686 0 27685
Edge	163	1378	591	0	0	0	5	-1
	Sequence	-edge_82_0_+disjointig_178_0_27685 27685 -82 27686 0 27685
Edge	166	1461	1598	0	0	0	6	-1
	Sequence	+edge_84_0_+disjointig_18_0_37885 37885 84 37886 0 37885
Edge	167	1051	1140	0	0	0	6	-1
	Sequence	-edge_84_0_+disjointig_18_0_37885 37885 -84 37886 0 37885
Edge	168	1282	746	0	0	0	5	-1
	Sequence	+edge_85_0_+disjointig_180_0_27471 27471 85 27472 0 27471
Edge	169	1412	1436	0	0	0	5	-1
	Sequence	-edge_85_0_+disjointig_180_0_27471 27471 -85 27472 0 27471
Edge	170	1186	1539	0	0	0	7	-1
	Sequence	+edge_86_0_+disjointig_182_0_12407 12407 86 12408 0 12407
Edge	171	1413	1663	0	0	0	7	-1
	Sequence	-edge_86_0_+disjointig_182_0_12407 12407 -86 12408 0 12407
Edge	172	1370	1589	0	0	0	5	-1
	Sequence	+edge_87_0_+disjointig_183_0_24255 24255 87 24256 0 24255
Edge	173	967	1502	0	0	0	5	-1
	Sequence	-edge_87_0_+disjointig_183_0_24255 24255 -87 24256 0 24255
Edge	176	1092	1262	0	0	0	5	-1
	Sequence	+edge_89_0_+disjointig_185_0_35959 35959 89 35960 0 35959
Edge	177	1347	993	0	0	0	5	-1
	Sequence	-edge_89_0_+disjointig_185_0_35959 35959 -89 35960 0 35959
Edge	178	1495	1137	0	0	0	6	-1
	Sequence	+edge_90_0_+disjointig_186_0_69457 69457 90 69458 0 69457
Edge	179	1343	1220	0	0	0	6	-1
	Sequence	-edge_90_0_+disjointig_186_0_69457 69457 -90 69458 0 69457
Edge	180	1673	1341	0	0	0	3	-1
	Sequence	+edge_91_0_+disjointig_187_0_26812 26812 91 26813 0 26812
Edge	181	1405	1427	0	0	0	3	-1
	Sequence	-edge_91_0_+disjointig_187_0_26812 26812 -91 26813 0 26812
Edge	182	1339	1206	0	0	0	5	-1
	Sequence	+edge_92_0_+disjointig_188_0_32564 32564 92 32565 0 32564
Edge	183	1505	1568	0	0	0	5	-1
	Sequence	-edge_92_0_+disjointig_188_0_32564 32564 -92 32565 0 32564
Edge	184	1338	1036	0	0	0	5	-1
	Sequence	+edge_93_0_+disjointig_19_0_56459 56459 93 56460 0 56459
Edge	185	1456	1336	0	0	0	5	-1
	Sequence	-edge_93_0_+disjointig_19_0_56459 56459 -93 56460 0 56459
Edge	186	1420	510	0	0	0	4	-1
	Sequence	+edge_94_0_+disjointig_190_0_22628 22628 94 22629 0 22628
Edge	187	1333	1331	0	0	0	4	-1
	Sequence	-edge_94_0_+disjointig_190_0_22628 22628 -94 22629 0 22628
Edge	188	719	1063	0	0	0	6	-1
	Sequence	+edge_95_0_+disjointig_191_0_28400 28400 95 28401 0 28400
Edge	189	1534	1429	0	0	0	6	-1
	Sequence	-edge_95_0_+disjointig_191_0_28400 28400 -95 28401 0 28400
Edge	190	1328	1326	0	0	0	4	-1
	Sequence	+edge_96_0_+disjointig_192_0_37307 37307 96 37308 0 37307
Edge	191	1321	647	0	0	0	4	-1
	Sequence	-edge_96_0_+disjointig_192_0_37307 37307 -96 37308 0 37307
Edge	194	1377	1385	0	0	0	3	-1
	Sequence	+edge_98_0_+disjointig_194_0_7813 7813 98 7814 0 7813
Edge	195	1435	1529	0	0	0	3	-1
	Sequence	-edge_98_0_+disjointig_194_0_7813 7813 -98 7814 0 7813
Edge	196	1354	1314	1	0	0	8	-1
	Sequence	+edge_99_0_+disjointig_195_0_41252 41252 99 41253 0 41252
Edge	197	436	1219	1	0	0	8	-1
	Sequence	-edge_99_0_+disjointig_195_0_41252 41252 -99 41253 0 41252
Edge	198	1308	1555	0	0	0	3	-1
	Sequence	+edge_100_0_+disjointig_196_0_37550 37550 100 37551 0 37550
Edge	199	1284	1129	0	0	0	3	-1
	Sequence	-edge_100_0_+disjointig_196_0_37550 37550 -100 37551 0 37550
Edge	200	1304	476	0	0	0	4	-1
	Sequence	+edge_101_0_+disjointig_197_0_73889 73889 101 73890 0 73889
Edge	201	1301	1297	0	0	0	4	-1
	Sequence	-edge_101_0_+disjointig_197_0_73889 73889 -101 73890 0 73889
Edge	202	1679	1447	0	0	0	7	-1
	Sequence	+edge_102_0_+disjointig_198_0_32134 32134 102 32135 0 32134
Edge	203	560	1086	0	0	0	7	-1
	Sequence	-edge_102_0_+disjointig_198_0_32134 32134 -102 32135 0 32134
Edge	204	975	1293	1	0	0	8	-1
	Sequence	+edge_103_0_+disjointig_199_0_33023 33023 103 33024 0 33023
Edge	205	1563	953	1	0	0	8	-1
	Sequence	-edge_103_0_+disjointig_199_0_33023 33023 -103 33024 0 33023
Edge	208	1279	1014	0	0	0	3	-1
	Sequence	+edge_105_0_+disjointig_20_0_52522 52522 105 52523 0 52522
Edge	209	1275	1274	0	0	0	3	-1
	Sequence	-edge_105_0_+disjointig_20_0_52522 52522 -105 52523 0 52522
Edge	212	1269	1466	0	0	0	7	-1
	Sequence	+edge_107_0_+disjointig_201_0_12722 12722 107 12723 0 12722
Edge	213	1202	1430	0	0	0	7	-1
	Sequence	-edge_107_0_+disjointig_201_0_12722 12722 -107 12723 0 12722
Edge	214	1259	1033	0	0	0	5	-1
	Sequence	+edge_108_0_+disjointig_202_0_21679 21679 108 21680 0 21679
Edge	215	579	1638	0	0	0	5	-1
	Sequence	-edge_108_0_+disjointig_202_0_21679 21679 -108 21680 0 21679
Edge	216	1692	602	1	0	0	9	-1
	Sequence	+edge_109_0_+disjointig_203_0_11741 11741 109 11742 0 11741
Edge	217	1254	1247	1	0	0	9	-1
	Sequence	-edge_109_0_+disjointig_203_0_11741 11741 -109 11742 0 11741
Edge	218	1444	1421	0	0	0	4	-1
	Sequence	+edge_110_0_+disjointig_204_0_26164 26164 110 26165 0 26164
Edge	219	1587	1469	0	0	0	4	-1
	Sequence	-edge_110_0_+disjointig_204_0_26164 26164 -110 26165 0 26164
Edge	220	1172	1246	0	0	0	4	-1
	Sequence	+edge_111_0_+disjointig_205_0_46860 46860 111 46861 0 46860
Edge	221	1464	1579	0	0	0	4	-1
	Sequence	-edge_111_0_+disjointig_205_0_46860 46860 -111 46861 0 46860
Edge	222	1244	1183	0	0	0	3	-1
	Sequence	+edge_112_0_+disjointig_206_0_10041 10041 112 10042 0 10041
Edge	223	1642	1533	0	0	0	3	-1
	Sequence	-edge_112_0_+disjointig_206_0_10041 10041 -112 10042 0 10041
Edge	224	1243	1278	0	0	0	5	-1
	Sequence	+edge_113_0_+disjointig_207_0_37356 37356 113 37357 0 37356
Edge	225	1467	1240	0	0	0	5	-1
	Sequence	-edge_113_0_+disjointig_207_0_37356 37356 -113 37357 0 37356
Edge	226	1212	1164	1	0	0	8	-1
	Sequence	+edge_114_0_+disjointig_208_0_30509 30509 114 30510 0 30509
Edge	227	1302	1361	1	0	0	8	-1
	Sequence	-edge_114_0_+disjointig_208_0_30509 30509 -114 30510 0 30509
Edge	230	911	1230	0	0	0	3	-1
	Sequence	+edge_116_0_+disjointig_21_0_19706 19706 116 19707 0 19706
Edge	231	668	1225	0	0	0	3	-1
	Sequence	-edge_116_0_+disjointig_21_0_19706 19706 -116 19707 0 19706
Edge	232	1221	1105	0	0	0	6	-1
	Sequence	+edge_117_0_+disjointig_210_0_30778 30778 117 30779 0 30778
Edge	233	1102	1217	0	0	0	6	-1
	Sequence	-edge_117_0_+disjointig_210_0_30778 30778 -117 30779 0 30778
Edge	234	1630	1211	0	0	0	5	-1
	Sequence	+edge_118_0_+disjointig_211_0_37166 37166 118 37167 0 37166
Edge	235	941	1046	0	0	0	5	-1
	Sequence	-edge_118_0_+disjointig_211_0_37166 37166 -118 37167 0 37166
Edge	236	1156	1208	0	0	0	4	-1
	Sequence	+edge_119_0_+disjointig_212_0_50252 50252 119 50253 0 50252
Edge	237	1498	808	0	0	0	4	-1
	Sequence	-edge_119_0_+disjointig_212_0_50252 50252 -119 50253 0 50252
Edge	238	702	1253	0	0	0	4	-1
	Sequence	+edge_120_0_+disjointig_213_0_9507 9507 120 9508 0 9507
Edge	239	906	1204	0	0	0	4	-1
	Sequence	-edge_120_0_+disjointig_213_0_9507 9507 -120 9508 0 9507
Edge	240	1201	1198	0	0	0	5	-1
	Sequence	+edge_121_0_+disjointig_214_0_20980 20980 121 20981 0 20980
Edge	241	1197	1280	0	0	0	5	-1
	Sequence	-edge_121_0_+disjointig_214_0_20980 20980 -121 20981 0 20980
Edge	242	1614	1193	0	0	0	3	-1
	Sequence	+edge_122_0_+disjointig_215_0_39626 39626 122 39627 0 39626
Edge	243	1188	1185	0	0	0	3	-1
	Sequence	-edge_122_0_+disjointig_215_0_39626 39626 -122 39627 0 39626
Edge	244	999	1182	0	0	0	5	-1
	Sequence	+edge_123_0_+disjointig_216_0_44783 44783 123 44784 0 44783
Edge	245	1181	1295	0	0	0	5	-1
	Sequence	-edge_123_0_+disjointig_216_0_44783 44783 -123 44784 0 44783
Edge	248	659	1623	0	0	0	4	-1
	Sequence	+edge_125_0_+disjointig_218_0_26857 26857 125 26858 0 26857
Edge	249	806	923	0	0	0	4	-1
	Sequence	-edge_125_0_+disjointig_218_0_26857 26857 -125 26858 0 26857
Edge	250	1167	1166	0	0	0	3	-1
	Sequence	+edge_126_0_+disjointig_219_0_25667 25667 126 25668 0 25667
Edge	251	1330	1160	0	0	0	3	-1
	Sequence	-edge_126_0_+disjointig_219_0_25667 25667 -126 25668 0 25667
Edge	252	1163	1252	0	0	0	3	-1
	Sequence	+edge_127_0_+disjointig_22_0_21078 21078 127 21079 0 21078
Edge	253	1159	1149	0	0	0	3	-1
	Sequence	-edge_127_0_+disjointig_22_0_21078 21078 -127 21079 0 21078
Edge	254	1287	1276	0	0	0	5	-1
	Sequence	+edge_128_0_+disjointig_220_0_10916 10916 128 10917 0 10916
Edge	255	1369	1155	0	0	0	5	-1
	Sequence	-edge_128_0_+disjointig_220_0_10916 10916 -128 10917 0 10916
Edge	256	1153	934	0	0	0	7	-1
	Sequence	+edge_129_0_+disjointig_221_0_17704 17704 129 17705 0 17704
Edge	257	1148	1008	0	0	0	7	-1
	Sequence	-edge_129_0_+disjointig_221_0_17704 17704 -129 17705 0 17704
Edge	264	1573	1133	0	0	0	5	-1
	Sequence	+edge_133_0_+disjointig_226_0_12837 12837 133 12838 0 12837
Edge	265	1392	810	0	0	0	5	-1
	Sequence	-edge_133_0_+disjointig_226_0_12837 12837 -133 12838 0 12837
Edge	266	1661	1132	0	0	0	5	-1
	Sequence	+edge_134_0_+disjointig_227_0_11447 11447 134 11448 0 11447
Edge	267	827	1644	0	0	0	5	-1
	Sequence	-edge_134_0_+disjointig_227_0_11447 11447 -134 11448 0 11447
Edge	268	1636	1127	0	0	0	4	-1
	Sequence	+edge_135_0_+disjointig_228_0_11973 11973 135 11974 0 11973
Edge	269	1627	1126	0	0	0	4	-1
	Sequence	-edge_135_0_+disjointig_228_0_11973 11973 -135 11974 0 11973
Edge	270	996	1628	0	0	0	3	-1
	Sequence	+edge_136_0_+disjointig_229_0_12589 12589 136 12590 0 12589
Edge	271	1096	781	0	0	0	3	-1
	Sequence	-edge_136_0_+disjointig_229_0_12589 12589 -136 12590 0 12589
Edge	272	612	1122	0	0	0	4	-1
	Sequence	+edge_137_0_+disjointig_23_0_21970 21970 137 21971 0 21970
Edge	273	1083	1000	0	0	0	4	-1
	Sequence	-edge_137_0_+disjointig_23_0_21970 21970 -137 21971 0 21970
Edge	274	429	1174	0	0	0	6	-1
	Sequence	+edge_138_0_+disjointig_230_0_36087 36087 138 36088 0 36087
Edge	275	1118	414	0	0	0	6	-1
	Sequence	-edge_138_0_+disjointig_230_0_36087 36087 -138 36088 0 36087
Edge	276	1356	1117	0	0	0	4	-1
	Sequence	+edge_139_0_+disjointig_231_0_21831 21831 139 21832 0 21831
Edge	277	1019	1268	0	0	0	4	-1
	Sequence	-edge_139_0_+disjointig_231_0_21831 21831 -139 21832 0 21831
Edge	278	1116	1199	0	0	0	5	-1
	Sequence	+edge_140_0_+disjointig_232_0_14199 14199 140 14200 0 14199
Edge	279	701	1189	0	0	0	5	-1
	Sequence	-edge_140_0_+disjointig_232_0_14199 14199 -140 14200 0 14199
Edge	280	1109	444	0	0	0	7	-1
	Sequence	+edge_141_0_+disjointig_233_0_23348 23348 141 23349 0 23348
Edge	281	1103	1018	0	0	0	7	-1
	Sequence	-edge_141_0_+disjointig_233_0_23348 23348 -141 23349 0 23348
Edge	282	1099	1097	0	0	0	5	-1
	Sequence	+edge_142_0_+disjointig_234_0_28606 28606 142 28607 0 28606
Edge	283	1660	1625	0	0	0	5	-1
	Sequence	-edge_142_0_+disjointig_234_0_28606 28606 -142 28607 0 28606
Edge	284	1677	1094	0	0	0	5	-1
	Sequence	+edge_143_0_+disjointig_235_0_20780 20780 143 20781 0 20780
Edge	285	613	1239	0	0	0	5	-1
	Sequence	-edge_143_0_+disjointig_235_0_20780 20780 -143 20781 0 20780
Edge	288	1112	1074	0	0	0	4	-1
	Sequence	+edge_145_0_+disjointig_237_0_41364 41364 145 41365 0 41364
Edge	289	1071	1256	0	0	0	4	-1
	Sequence	-edge_145_0_+disjointig_237_0_41364 41364 -145 41365 0 41364
Edge	290	1335	1327	0	0	0	6	-1
	Sequence	+edge_146_0_+disjointig_238_0_51036 51036 146 51037 0 51036
Edge	291	1165	1070	0	0	0	6	-1
	Sequence	-edge_146_0_+disjointig_238_0_51036 51036 -146 51037 0 51036
Edge	292	1015	1349	0	0	0	4	-1
	Sequence	+edge_147_0_+disjointig_239_0_29275 29275 147 29276 0 29275
Edge	293	1065	1062	0	0	0	4	-1
	Sequence	-edge_147_0_+disjointig_239_0_29275 29275 -147 29276 0 29275
Edge	294	1251	1013	0	0	0	7	-1
	Sequence	+edge_148_0_+disjointig_24_0_36769 36769 148 36770 0 36769
Edge	295	1365	1058	0	0	0	7	-1
	Sequence	-edge_148_0_+disjointig_24_0_36769 36769 -148 36770 0 36769
Edge	296	424	731	0	0	0	3	-1
	Sequence	+edge_149_0_+disjointig_240_0_9021 9021 149 9022 0 9021
Edge	297	1052	1440	0	0	0	3	-1
	Sequence	-edge_149_0_+disjointig_240_0_9021 9021 -149 9022 0 9021
Edge	298	1041	1216	0	0	0	4	-1
	Sequence	+edge_150_0_+disjointig_241_0_44180 44180 150 44181 0 44180
Edge	299	1001	814	0	0	0	4	-1
	Sequence	-edge_150_0_+disjointig_241_0_44180 44180 -150 44181 0 44180
Edge	300	1257	1048	0	0	0	5	-1
	Sequence	+edge_151_0_+disjointig_242_0_36329 36329 151 36330 0 36329
Edge	301	1047	1680	0	0	0	5	-1
	Sequence	-edge_151_0_+disjointig_242_0_36329 36329 -151 36330 0 36329
Edge	302	1044	1111	0	0	0	5	-1
	Sequence	+edge_152_0_+disjointig_243_0_48490 48490 152 48491 0 48490
Edge	303	1659	927	0	0	0	5	-1
	Sequence	-edge_152_0_+disjointig_243_0_48490 48490 -152 48491 0 48490
Edge	304	1500	1602	0	0	0	5	-1
	Sequence	+edge_153_0_+disjointig_244_0_7884 7884 153 7885 0 7884
Edge	305	783	1224	0	0	0	5	-1
	Sequence	-edge_153_0_+disjointig_244_0_7884 7884 -153 7885 0 7884
Edge	308	1528	1034	1	0	0	9	-1
	Sequence	+edge_155_0_+disjointig_246_0_23287 23287 155 23288 0 23287
Edge	309	1141	1218	1	0	0	9	-1
	Sequence	-edge_155_0_+disjointig_246_0_23287 23287 -155 23288 0 23287
Edge	310	1472	399	0	0	0	6	-1
	Sequence	+edge_156_0_+disjointig_247_0_38308 38308 156 38309 0 38308
Edge	311	1031	1028	0	0	0	6	-1
	Sequence	-edge_156_0_+disjointig_247_0_38308 38308 -156 38309 0 38308
Edge	312	617	928	0	0	0	4	-1
	Sequence	+edge_157_0_+disjointig_248_0_20781 20781 157 20782 0 20781
Edge	313	1357	1025	0	0	0	4	-1
	Sequence	-edge_157_0_+disjointig_248_0_20781 20781 -157 20782 0 20781
Edge	314	1024	1169	0	0	0	4	-1
	Sequence	+edge_158_0_+disjointig_249_0_7775 7775 158 7776 0 7775
Edge	315	1088	1020	0	0	0	4	-1
	Sequence	-edge_158_0_+disjointig_249_0_7775 7775 -158 7776 0 7775
Edge	316	1017	1255	0	0	0	6	-1
	Sequence	+edge_159_0_+disjointig_25_0_9741 9741 159 9742 0 9741
Edge	317	1108	938	0	0	0	6	-1
	Sequence	-edge_159_0_+disjointig_25_0_9741 9741 -159 9742 0 9741
Edge	318	1011	1009	0	0	0	3	-1
	Sequence	+edge_160_0_+disjointig_250_0_22879 22879 160 22880 0 22879
Edge	319	1154	1007	0	0	0	3	-1
	Sequence	-edge_160_0_+disjointig_250_0_22879 22879 -160 22880 0 22879
Edge	322	988	1205	0	0	0	6	-1
	Sequence	+edge_162_0_+disjointig_252_0_38076 38076 162 38077 0 38076
Edge	323	903	995	0	0	0	6	-1
	Sequence	-edge_162_0_+disjointig_252_0_38076 38076 -162 38077 0 38076
Edge	324	991	747	0	0	0	4	-1
	Sequence	+edge_163_0_+disjointig_253_0_16049 16049 163 16050 0 16049
Edge	325	989	1084	0	0	0	4	-1
	Sequence	-edge_163_0_+disjointig_253_0_16049 16049 -163 16050 0 16049
Edge	326	974	1180	0	0	0	4	-1
	Sequence	+edge_164_0_+disjointig_254_0_29327 29327 164 29328 0 29327
Edge	327	625	1316	0	0	0	4	-1
	Sequence	-edge_164_0_+disjointig_254_0_29327 29327 -164 29328 0 29327
Edge	328	1493	978	0	0	0	4	-1
	Sequence	+edge_165_0_+disjointig_255_0_24768 24768 165 24769 0 24768
Edge	329	890	1168	0	0	0	4	-1
	Sequence	-edge_165_0_+disjointig_255_0_24768 24768 -165 24769 0 24768
Edge	330	852	1325	0	0	0	3	-1
	Sequence	+edge_166_0_+disjointig_256_0_15227 15227 166 15228 0 15227
Edge	331	971	970	0	0	0	3	-1
	Sequence	-edge_166_0_+disjointig_256_0_15227 15227 -166 15228 0 15227
Edge	334	1271	968	0	0	0	4	-1
	Sequence	+edge_168_0_+disjointig_258_0_27646 27646 168 27647 0 27646
Edge	335	744	1367	0	0	0	4	-1
	Sequence	-edge_168_0_+disjointig_258_0_27646 27646 -168 27647 0 27646
Edge	338	961	959	0	0	0	3	-1
	Sequence	+edge_170_0_+disjointig_26_0_29304 29304 170 29305 0 29304
Edge	339	1655	980	0	0	0	3	-1
	Sequence	-edge_170_0_+disjointig_26_0_29304 29304 -170 29305 0 29304
Edge	342	952	1195	0	0	0	4	-1
	Sequence	+edge_172_0_+disjointig_261_0_26357 26357 172 26358 0 26357
Edge	343	951	1718	0	0	0	4	-1
	Sequence	-edge_172_0_+disjointig_261_0_26357 26357 -172 26358 0 26357
Edge	344	948	947	0	0	0	4	-1
	Sequence	+edge_173_0_+disjointig_262_0_25762 25762 173 25763 0 25762
Edge	345	964	946	0	0	0	4	-1
	Sequence	-edge_173_0_+disjointig_262_0_25762 25762 -173 25763 0 25762
Edge	346	1002	944	0	0	0	7	-1
	Sequence	+edge_174_0_+disjointig_263_0_9480 9480 174 9481 0 9480
Edge	347	1494	1666	0	0	0	7	-1
	Sequence	-edge_174_0_+disjointig_263_0_9480 9480 -174 9481 0 9480
Edge	348	969	1519	0	0	0	4	-1
	Sequence	+edge_175_0_+disjointig_264_0_8763 8763 175 8764 0 8763
Edge	349	737	1152	0	0	0	4	-1
	Sequence	-edge_175_0_+disjointig_264_0_8763 8763 -175 8764 0 8763
Edge	350	992	680	0	0	0	4	-1
	Sequence	+edge_176_0_+disjointig_265_0_7994 7994 176 7995 0 7994
Edge	351	1585	1375	0	0	0	4	-1
	Sequence	-edge_176_0_+disjointig_265_0_7994 7994 -176 7995 0 7994
Edge	352	1506	516	0	0	0	3	-1
	Sequence	+edge_177_0_+disjointig_266_0_10876 10876 177 10877 0 10876
Edge	353	1542	1386	0	0	0	3	-1
	Sequence	-edge_177_0_+disjointig_266_0_10876 10876 -177 10877 0 10876
Edge	360	1402	931	1	0	0	8	-1
	Sequence	+edge_181_0_+disjointig_27_0_46423 46423 181 46424 0 46423
Edge	361	683	1646	1	0	0	8	-1
	Sequence	-edge_181_0_+disjointig_27_0_46423 46423 -181 46424 0 46423
Edge	362	771	920	0	0	0	4	-1
	Sequence	+edge_182_0_+disjointig_270_0_15906 15906 182 15907 0 15906
Edge	363	929	1611	0	0	0	4	-1
	Sequence	-edge_182_0_+disjointig_270_0_15906 15906 -182 15907 0 15906
Edge	366	1290	1409	0	0	0	6	-1
	Sequence	+edge_184_0_+disjointig_272_0_23331 23331 184 23332 0 23331
Edge	367	981	1234	0	0	0	6	-1
	Sequence	-edge_184_0_+disjointig_272_0_23331 23331 -184 23332 0 23331
Edge	368	922	1583	0	0	0	5	-1
	Sequence	+edge_185_0_+disjointig_273_0_38148 38148 185 38149 0 38148
Edge	369	1683	596	0	0	0	5	-1
	Sequence	-edge_185_0_+disjointig_273_0_38148 38148 -185 38149 0 38148
Edge	370	1248	1145	0	0	0	3	-1
	Sequence	+edge_186_0_+disjointig_274_0_28203 28203 186 28204 0 28203
Edge	371	572	1277	0	0	0	3	-1
	Sequence	-edge_186_0_+disjointig_274_0_28203 28203 -186 28204 0 28203
Edge	374	1560	918	0	0	0	4	-1
	Sequence	+edge_188_0_+disjointig_276_0_7853 7853 188 7854 0 7853
Edge	375	917	916	0	0	0	4	-1
	Sequence	-edge_188_0_+disjointig_276_0_7853 7853 -188 7854 0 7853
Edge	378	912	907	0	0	0	5	-1
	Sequence	+edge_190_0_+disjointig_278_0_21949 21949 190 21950 0 21949
Edge	379	654	905	0	0	0	5	-1
	Sequence	-edge_190_0_+disjointig_278_0_21949 21949 -190 21950 0 21949
Edge	380	1232	1121	0	0	0	3	-1
	Sequence	+edge_191_0_+disjointig_279_0_8779 8779 191 8780 0 8779
Edge	381	1037	904	0	0	0	3	-1
	Sequence	-edge_191_0_+disjointig_279_0_8779 8779 -191 8780 0 8779
Edge	382	902	897	0	0	0	3	-1
	Sequence	+edge_192_0_+disjointig_28_0_37643 37643 192 37644 0 37643
Edge	383	896	1228	0	0	0	3	-1
	Sequence	-edge_192_0_+disjointig_28_0_37643 37643 -192 37644 0 37643
Edge	388	1087	1709	0	0	0	5	-1
	Sequence	+edge_195_0_+disjointig_282_0_28232 28232 195 28233 0 28232
Edge	389	893	1684	0	0	0	5	-1
	Sequence	-edge_195_0_+disjointig_282_0_28232 28232 -195 28233 0 28232
Edge	390	541	644	0	0	0	3	-1
	Sequence	+edge_196_0_+disjointig_283_0_9974 9974 196 9975 0 9974
Edge	391	631	1067	0	0	0	3	-1
	Sequence	-edge_196_0_+disjointig_283_0_9974 9974 -196 9975 0 9974
Edge	396	1135	438	0	0	0	3	-1
	Sequence	+edge_199_0_+disjointig_286_0_17624 17624 199 17625 0 17624
Edge	397	1270	1175	0	0	0	3	-1
	Sequence	-edge_199_0_+disjointig_286_0_17624 17624 -199 17625 0 17624
Edge	402	889	887	0	0	0	5	-1
	Sequence	+edge_202_0_+disjointig_289_0_27339 27339 202 27340 0 27339
Edge	403	886	567	0	0	0	5	-1
	Sequence	-edge_202_0_+disjointig_289_0_27339 27339 -202 27340 0 27339
Edge	404	1619	888	0	0	0	6	-1
	Sequence	+edge_203_0_+disjointig_29_0_48028 48028 203 48029 0 48028
Edge	405	945	972	0	0	0	6	-1
	Sequence	-edge_203_0_+disjointig_29_0_48028 48028 -203 48029 0 48028
Edge	406	1022	684	0	0	0	4	-1
	Sequence	+edge_204_0_+disjointig_290_0_27503 27503 204 27504 0 27503
Edge	407	1460	884	0	0	0	4	-1
	Sequence	-edge_204_0_+disjointig_290_0_27503 27503 -204 27504 0 27503
Edge	408	984	880	0	0	0	3	-1
	Sequence	+edge_205_0_+disjointig_291_0_31836 31836 205 31837 0 31836
Edge	409	879	543	0	0	0	3	-1
	Sequence	-edge_205_0_+disjointig_291_0_31836 31836 -205 31837 0 31836
Edge	416	867	866	0	0	0	3	-1
	Sequence	+edge_209_0_+disjointig_295_0_22644 22644 209 22645 0 22644
Edge	417	864	845	0	0	0	3	-1
	Sequence	-edge_209_0_+disjointig_295_0_22644 22644 -209 22645 0 22644
Edge	418	861	1283	0	0	0	4	-1
	Sequence	+edge_210_0_+disjointig_296_0_26492 26492 210 26493 0 26492
Edge	419	1433	860	0	0	0	4	-1
	Sequence	-edge_210_0_+disjointig_296_0_26492 26492 -210 26493 0 26492
Edge	420	891	1567	0	0	0	5	-1
	Sequence	+edge_211_0_+disjointig_297_0_19261 19261 211 19262 0 19261
Edge	421	1266	1237	0	0	0	5	-1
	Sequence	-edge_211_0_+disjointig_297_0_19261 19261 -211 19262 0 19261
Edge	422	1671	1146	0	0	0	3	-1
	Sequence	+edge_212_0_+disjointig_298_0_18534 18534 212 18535 0 18534
Edge	423	858	1557	0	0	0	3	-1
	Sequence	-edge_212_0_+disjointig_298_0_18534 18534 -212 18535 0 18534
Edge	424	1582	1484	0	0	0	7	-1
	Sequence	+edge_213_0_+disjointig_299_0_49510 49510 213 49511 0 49510
Edge	425	856	853	0	0	0	7	-1
	Sequence	-edge_213_0_+disjointig_299_0_49510 49510 -213 49511 0 49510
Edge	426	850	848	0	0	0	4	-1
	Sequence	+edge_214_0_+disjointig_3_0_17455 17455 214 17456 0 17455
Edge	427	846	842	0	0	0	4	-1
	Sequence	-edge_214_0_+disjointig_3_0_17455 17455 -214 17456 0 17455
Edge	428	839	838	0	0	0	3	-1
	Sequence	+edge_215_0_+disjointig_300_0_10420 10420 215 10421 0 10420
Edge	429	793	451	0	0	0	3	-1
	Sequence	-edge_215_0_+disjointig_300_0_10420 10420 -215 10421 0 10420
Edge	432	1089	1026	1	0	0	9	-1
	Sequence	+edge_217_0_+disjointig_302_0_28154 28154 217 28155 0 28154
Edge	433	833	831	1	0	0	9	-1
	Sequence	-edge_217_0_+disjointig_302_0_28154 28154 -217 28155 0 28154
Edge	434	829	1394	0	0	0	5	-1
	Sequence	+edge_218_0_+disjointig_303_0_21815 21815 218 21816 0 21815
Edge	435	926	828	0	0	0	5	-1
	Sequence	-edge_218_0_+disjointig_303_0_21815 21815 -218 21816 0 21815
Edge	438	782	479	0	0	0	4	-1
	Sequence	+edge_220_0_+disjointig_305_0_35043 35043 220 35044 0 35043
Edge	439	739	822	0	0	0	4	-1
	Sequence	-edge_220_0_+disjointig_305_0_35043 35043 -220 35044 0 35043
Edge	440	1571	778	0	0	0	4	-1
	Sequence	+edge_221_0_+disjointig_306_0_16332 16332 221 16333 0 16332
Edge	441	821	1055	0	0	0	4	-1
	Sequence	-edge_221_0_+disjointig_306_0_16332 16332 -221 16333 0 16332
Edge	442	820	817	0	0	0	5	-1
	Sequence	+edge_222_0_+disjointig_307_0_6262 6262 222 6263 0 6262
Edge	443	1503	815	0	0	0	5	-1
	Sequence	-edge_222_0_+disjointig_307_0_6262 6262 -222 6263 0 6262
Edge	448	812	811	0	0	0	4	-1
	Sequence	+edge_225_0_+disjointig_310_0_18959 18959 225 18960 0 18959
Edge	449	807	1348	0	0	0	4	-1
	Sequence	-edge_225_0_+disjointig_310_0_18959 18959 -225 18960 0 18959
Edge	452	804	800	0	0	0	4	-1
	Sequence	+edge_227_0_+disjointig_312_0_29361 29361 227 29362 0 29361
Edge	453	799	1101	0	0	0	4	-1
	Sequence	-edge_227_0_+disjointig_312_0_29361 29361 -227 29362 0 29361
Edge	454	825	1085	0	0	0	3	-1
	Sequence	+edge_228_0_+disjointig_313_0_12854 12854 228 12855 0 12854
Edge	455	1151	892	0	0	0	3	-1
	Sequence	-edge_228_0_+disjointig_313_0_12854 12854 -228 12855 0 12854
Edge	456	1404	1227	0	0	0	3	-1
	Sequence	+edge_229_0_+disjointig_314_0_31573 31573 229 31574 0 31573
Edge	457	1068	798	0	0	0	3	-1
	Sequence	-edge_229_0_+disjointig_314_0_31573 31573 -229 31574 0 31573
Edge	458	1388	797	0	0	0	7	-1
	Sequence	+edge_230_0_+disjointig_315_0_27224 27224 230 27225 0 27224
Edge	459	795	802	0	0	0	7	-1
	Sequence	-edge_230_0_+disjointig_315_0_27224 27224 -230 27225 0 27224
Edge	462	790	937	0	0	0	6	-1
	Sequence	+edge_232_0_+disjointig_317_0_23541 23541 232 23542 0 23541
Edge	463	789	982	0	0	0	6	-1
	Sequence	-edge_232_0_+disjointig_317_0_23541 23541 -232 23542 0 23541
Edge	464	787	1520	0	0	0	3	-1
	Sequence	+edge_233_0_+disjointig_318_0_22482 22482 233 22483 0 22482
Edge	465	1352	786	0	0	0	3	-1
	Sequence	-edge_233_0_+disjointig_318_0_22482 22482 -233 22483 0 22482
Edge	468	447	949	0	0	0	5	-1
	Sequence	+edge_235_0_+disjointig_32_0_55300 55300 235 55301 0 55300
Edge	469	1123	779	0	0	0	5	-1
	Sequence	-edge_235_0_+disjointig_32_0_55300 55300 -235 55301 0 55300
Edge	470	777	775	0	0	0	5	-1
	Sequence	+edge_236_0_+disjointig_320_0_27517 27517 236 27518 0 27517
Edge	471	773	1035	0	0	0	5	-1
	Sequence	-edge_236_0_+disjointig_320_0_27517 27517 -236 27518 0 27517
Edge	480	767	766	0	0	0	6	-1
	Sequence	+edge_241_0_+disjointig_326_0_10006 10006 241 10007 0 10006
Edge	481	764	763	0	0	0	6	-1
	Sequence	-edge_241_0_+disjointig_326_0_10006 10006 -241 10007 0 10006
Edge	482	762	761	1	0	0	8	-1
	Sequence	+edge_242_0_+disjointig_327_0_15538 15538 242 15539 0 15538
Edge	483	471	1223	1	0	0	8	-1
	Sequence	-edge_242_0_+disjointig_327_0_15538 15538 -242 15539 0 15538
Edge	484	1042	562	0	0	0	5	-1
	Sequence	+edge_243_0_+disjointig_328_0_28705 28705 243 28706 0 28705
Edge	485	678	1716	0	0	0	5	-1
	Sequence	-edge_243_0_+disjointig_328_0_28705 28705 -243 28706 0 28705
Edge	486	1003	759	0	0	0	5	-1
	Sequence	+edge_244_0_+disjointig_329_0_22032 22032 244 22033 0 22032
Edge	487	757	756	0	0	0	5	-1
	Sequence	-edge_244_0_+disjointig_329_0_22032 22032 -244 22033 0 22032
Edge	488	1551	1538	0	0	0	7	-1
	Sequence	+edge_245_0_+disjointig_33_0_26632 26632 245 26633 0 26632
Edge	489	1281	754	0	0	0	7	-1
	Sequence	-edge_245_0_+disjointig_33_0_26632 26632 -245 26633 0 26632
Edge	494	752	837	0	0	0	3	-1
	Sequence	+edge_248_0_+disjointig_332_0_14324 14324 248 14325 0 14324
Edge	495	751	748	0	0	0	3	-1
	Sequence	-edge_248_0_+disjointig_332_0_14324 14324 -248 14325 0 14324
Edge	498	417	741	0	0	0	3	-1
	Sequence	+edge_250_0_+disjointig_334_0_21362 21362 250 21363 0 21362
Edge	499	740	1476	0	0	0	3	-1
	Sequence	-edge_250_0_+disjointig_334_0_21362 21362 -250 21363 0 21362
Edge	502	738	735	0	0	0	5	-1
	Sequence	+edge_252_0_+disjointig_336_0_18453 18453 252 18454 0 18453
Edge	503	600	732	0	0	0	5	-1
	Sequence	-edge_252_0_+disjointig_336_0_18453 18453 -252 18454 0 18453
Edge	506	540	495	0	0	0	5	-1
	Sequence	+edge_254_0_+disjointig_339_0_12526 12526 254 12527 0 12526
Edge	507	728	1697	0	0	0	5	-1
	Sequence	-edge_254_0_+disjointig_339_0_12526 12526 -254 12527 0 12526
Edge	508	726	725	0	0	0	3	-1
	Sequence	+edge_255_0_+disjointig_34_0_11007 11007 255 11008 0 11007
Edge	509	1134	722	0	0	0	3	-1
	Sequence	-edge_255_0_+disjointig_34_0_11007 11007 -255 11008 0 11007
Edge	510	630	721	0	0	0	5	-1
	Sequence	+edge_256_0_+disjointig_340_0_22367 22367 256 22368 0 22367
Edge	511	1448	667	0	0	0	5	-1
	Sequence	-edge_256_0_+disjointig_340_0_22367 22367 -256 22368 0 22367
Edge	512	1559	720	0	0	0	3	-1
	Sequence	+edge_257_0_+disjointig_341_0_11046 11046 257 11047 0 11046
Edge	513	718	432	0	0	0	3	-1
	Sequence	-edge_257_0_+disjointig_341_0_11046 11046 -257 11047 0 11046
Edge	514	584	1689	0	0	0	3	-1
	Sequence	+edge_258_0_+disjointig_342_0_18827 18827 258 18828 0 18827
Edge	515	717	734	0	0	0	3	-1
	Sequence	-edge_258_0_+disjointig_342_0_18827 18827 -258 18828 0 18827
Edge	516	515	685	0	0	0	5	-1
	Sequence	+edge_259_0_+disjointig_343_0_16462 16462 259 16463 0 16462
Edge	517	958	715	0	0	0	5	-1
	Sequence	-edge_259_0_+disjointig_343_0_16462 16462 -259 16463 0 16462
Edge	518	710	521	0	0	0	3	-1
	Sequence	+edge_260_0_+disjointig_344_0_7649 7649 260 7650 0 7649
Edge	519	709	847	0	0	0	3	-1
	Sequence	-edge_260_0_+disjointig_344_0_7649 7649 -260 7650 0 7649
Edge	520	794	707	1	0	0	18	-1
	Sequence	+edge_261_0_+disjointig_345_1373_5750 4377 261 20892 1373 5750
	Sequence	+edge_261_1_-disjointig_372_665_4983 4318 -289 20328 665 4983
Edge	521	655	419	1	0	0	18	-1
	Sequence	-edge_261_0_+disjointig_345_1373_5750 4377 -261 20892 15141 19518
	Sequence	-edge_261_1_-disjointig_372_665_4983 4318 289 20328 15344 19662
Edge	522	1707	704	0	0	0	4	-1
	Sequence	+edge_262_0_+disjointig_345_5750_20891 15141 261 20892 5750 20891
Edge	523	700	3	0	0	0	4	-1
	Sequence	-edge_262_0_+disjointig_345_5750_20891 15141 -261 20892 0 15141
Edge	524	2	1053	0	0	0	6	-1
	Sequence	+edge_263_0_-disjointig_372_4983_20327 15344 -289 20328 4983 20327
Edge	525	618	1633	0	0	0	6	-1
	Sequence	-edge_263_0_-disjointig_372_4983_20327 15344 289 20328 0 15344
Edge	526	1715	1645	0	0	0	4	-1
	Sequence	+edge_264_0_+disjointig_346_0_7860 7860 262 7861 0 7860
Edge	527	699	548	0	0	0	4	-1
	Sequence	-edge_264_0_+disjointig_346_0_7860 7860 -262 7861 0 7860
Edge	528	1523	569	0	0	0	5	-1
	Sequence	+edge_265_0_+disjointig_347_0_12457 12457 263 12458 0 12457
Edge	529	697	1703	0	0	0	5	-1
	Sequence	-edge_265_0_+disjointig_347_0_12457 12457 -263 12458 0 12457
Edge	530	915	695	0	0	0	6	-1
	Sequence	+edge_266_0_+disjointig_348_0_11364 11364 264 11365 0 11364
Edge	531	1481	692	0	0	0	6	-1
	Sequence	-edge_266_0_+disjointig_348_0_11364 11364 -264 11365 0 11364
Edge	532	691	688	0	0	0	4	-1
	Sequence	+edge_267_0_+disjointig_349_0_32156 32156 265 32157 0 32156
Edge	533	686	682	0	0	0	4	-1
	Sequence	-edge_267_0_+disjointig_349_0_32156 32156 -265 32157 0 32156
Edge	534	687	681	0	0	0	4	-1
	Sequence	+edge_268_0_+disjointig_35_0_48528 48528 266 48529 0 48528
Edge	535	1426	677	0	0	0	4	-1
	Sequence	-edge_268_0_+disjointig_35_0_48528 48528 -266 48529 0 48528
Edge	536	673	672	0	0	0	4	-1
	Sequence	+edge_269_0_+disjointig_350_0_28923 28923 267 28924 0 28923
Edge	537	1473	636	0	0	0	4	-1
	Sequence	-edge_269_0_+disjointig_350_0_28923 28923 -267 28924 0 28923
Edge	538	1303	670	0	0	0	6	-1
	Sequence	+edge_270_0_+disjointig_351_0_38192 38192 268 38193 0 38192
Edge	539	1723	1080	0	0	0	6	-1
	Sequence	-edge_270_0_+disjointig_351_0_38192 38192 -268 38193 0 38192
Edge	540	669	666	0	0	0	3	-1
	Sequence	+edge_271_0_+disjointig_352_0_32075 32075 269 32076 0 32075
Edge	541	477	665	0	0	0	3	-1
	Sequence	-edge_271_0_+disjointig_352_0_32075 32075 -269 32076 0 32075
Edge	542	730	662	0	0	0	6	-1
	Sequence	+edge_272_0_+disjointig_353_0_23420 23420 270 23421 0 23420
Edge	543	1479	661	0	0	0	6	-1
	Sequence	-edge_272_0_+disjointig_353_0_23420 23420 -270 23421 0 23420
Edge	548	1584	652	0	0	0	4	-1
	Sequence	+edge_275_0_+disjointig_357_0_26307 26307 273 26308 0 26307
Edge	549	1480	501	0	0	0	4	-1
	Sequence	-edge_275_0_+disjointig_357_0_26307 26307 -273 26308 0 26307
Edge	550	650	1566	0	0	0	3	-1
	Sequence	+edge_276_0_+disjointig_358_0_17910 17910 274 17911 0 17910
Edge	551	648	646	0	0	0	3	-1
	Sequence	-edge_276_0_+disjointig_358_0_17910 17910 -274 17911 0 17910
Edge	554	641	1574	0	0	0	4	-1
	Sequence	+edge_278_0_+disjointig_36_0_40667 40667 276 40668 0 40667
Edge	555	1231	1618	0	0	0	4	-1
	Sequence	-edge_278_0_+disjointig_36_0_40667 40667 -276 40668 0 40667
Edge	558	1387	639	0	0	0	3	-1
	Sequence	+edge_280_0_+disjointig_361_0_8283 8283 278 8284 0 8283
Edge	559	1359	634	0	0	0	3	-1
	Sequence	-edge_280_0_+disjointig_361_0_8283 8283 -278 8284 0 8283
Edge	560	1554	1676	0	0	0	4	-1
	Sequence	+edge_281_0_+disjointig_362_0_27584 27584 279 27585 0 27584
Edge	561	632	1157	0	0	0	4	-1
	Sequence	-edge_281_0_+disjointig_362_0_27584 27584 -279 27585 0 27584
Edge	564	628	1535	0	0	0	4	-1
	Sequence	+edge_283_0_+disjointig_364_0_10313 10313 281 10314 0 10313
Edge	565	1667	882	0	0	0	4	-1
	Sequence	-edge_283_0_+disjointig_364_0_10313 10313 -281 10314 0 10313
Edge	566	627	708	0	0	0	5	-1
	Sequence	+edge_284_0_+disjointig_365_0_21282 21282 282 21283 0 21282
Edge	567	626	1289	0	0	0	5	-1
	Sequence	-edge_284_0_+disjointig_365_0_21282 21282 -282 21283 0 21282
Edge	570	1258	900	0	0	0	3	-1
	Sequence	+edge_286_0_+disjointig_367_0_25871 25871 284 25872 0 25871
Edge	571	624	703	0	0	0	3	-1
	Sequence	-edge_286_0_+disjointig_367_0_25871 25871 -284 25872 0 25871
Edge	574	830	622	0	0	0	6	-1
	Sequence	+edge_288_0_+disjointig_369_0_24626 24626 286 24627 0 24626
Edge	575	1516	620	0	0	0	6	-1
	Sequence	-edge_288_0_+disjointig_369_0_24626 24626 -286 24627 0 24626
Edge	576	513	619	0	0	0	5	-1
	Sequence	+edge_289_0_+disjointig_37_0_56541 56541 287 56542 0 56541
Edge	577	1027	1191	0	0	0	5	-1
	Sequence	-edge_289_0_+disjointig_37_0_56541 56541 -287 56542 0 56541
Edge	582	614	611	0	0	0	4	-1
	Sequence	+edge_292_0_+disjointig_374_0_20430 20430 291 20431 0 20430
Edge	583	649	914	0	0	0	4	-1
	Sequence	-edge_292_0_+disjointig_374_0_20430 20430 -291 20431 0 20430
Edge	584	610	609	0	0	0	4	-1
	Sequence	+edge_293_0_+disjointig_375_0_33593 33593 292 33594 0 33593
Edge	585	606	1040	0	0	0	4	-1
	Sequence	-edge_293_0_+disjointig_375_0_33593 33593 -292 33594 0 33593
Edge	586	801	1049	0	0	0	6	-1
	Sequence	+edge_294_0_+disjointig_376_0_33309 33309 293 33310 0 33309
Edge	587	604	675	0	0	0	6	-1
	Sequence	-edge_294_0_+disjointig_376_0_33309 33309 -293 33310 0 33309
Edge	588	603	1400	0	0	0	6	-1
	Sequence	+edge_295_0_+disjointig_377_0_17439 17439 294 17440 0 17439
Edge	589	601	599	0	0	0	6	-1
	Sequence	-edge_295_0_+disjointig_377_0_17439 17439 -294 17440 0 17439
Edge	590	1595	597	0	0	0	4	-1
	Sequence	+edge_296_0_+disjointig_378_0_14256 14256 295 14257 0 14256
Edge	591	594	1350	0	0	0	4	-1
	Sequence	-edge_296_0_+disjointig_378_0_14256 14256 -295 14257 0 14256
Edge	592	1423	593	1	0	0	8	-1
	Sequence	+edge_297_0_+disjointig_379_0_10342 10342 296 10343 0 10342
Edge	593	592	1125	1	0	0	8	-1
	Sequence	-edge_297_0_+disjointig_379_0_10342 10342 -296 10343 0 10342
Edge	594	396	590	0	0	0	4	-1
	Sequence	+edge_298_0_+disjointig_38_0_28630 28630 297 28631 0 28630
Edge	595	605	1548	0	0	0	4	-1
	Sequence	-edge_298_0_+disjointig_38_0_28630 28630 -297 28631 0 28630
Edge	596	826	1634	0	0	0	6	-1
	Sequence	+edge_299_0_+disjointig_380_0_10264 10264 298 10265 0 10264
Edge	597	1120	690	0	0	0	6	-1
	Sequence	-edge_299_0_+disjointig_380_0_10264 10264 -298 10265 0 10264
Edge	598	1702	1403	0	0	0	5	-1
	Sequence	+edge_300_0_+disjointig_381_0_12104 12104 299 12105 0 12104
Edge	599	589	642	0	0	0	5	-1
	Sequence	-edge_300_0_+disjointig_381_0_12104 12104 -299 12105 0 12104
Edge	606	1561	1222	0	0	0	3	-1
	Sequence	+edge_304_0_+disjointig_385_0_25495 25495 303 25496 0 25495
Edge	607	585	582	0	0	0	3	-1
	Sequence	-edge_304_0_+disjointig_385_0_25495 25495 -303 25496 0 25495
Edge	610	580	840	0	0	0	3	-1
	Sequence	+edge_306_0_+disjointig_387_0_18922 18922 305 18923 0 18922
Edge	611	780	577	0	0	0	3	-1
	Sequence	-edge_306_0_+disjointig_387_0_18922 18922 -305 18923 0 18922
Edge	612	576	575	0	0	0	3	-1
	Sequence	+edge_307_0_+disjointig_388_0_19589 19589 306 19590 0 19589
Edge	613	573	1023	0	0	0	3	-1
	Sequence	-edge_307_0_+disjointig_388_0_19589 19589 -306 19590 0 19589
Edge	616	796	571	0	0	0	6	-1
	Sequence	+edge_309_0_+disjointig_39_0_25261 25261 308 25262 0 25261
Edge	617	723	570	0	0	0	6	-1
	Sequence	-edge_309_0_+disjointig_39_0_25261 25261 -308 25262 0 25261
Edge	618	809	528	0	0	0	7	-1
	Sequence	+edge_310_0_+disjointig_390_0_23627 23627 309 23628 0 23627
Edge	619	750	568	0	0	0	7	-1
	Sequence	-edge_310_0_+disjointig_390_0_23627 23627 -309 23628 0 23627
Edge	624	565	564	0	0	0	4	-1
	Sequence	+edge_313_0_+disjointig_393_0_12309 12309 312 12310 0 12309
Edge	625	1721	487	0	0	0	4	-1
	Sequence	-edge_313_0_+disjointig_393_0_12309 12309 -312 12310 0 12309
Edge	630	696	558	0	0	0	4	-1
	Sequence	+edge_316_0_+disjointig_396_0_21975 21975 315 21976 0 21975
Edge	631	557	500	0	0	0	4	-1
	Sequence	-edge_316_0_+disjointig_396_0_21975 21975 -315 21976 0 21975
Edge	632	556	498	0	0	0	5	-1
	Sequence	+edge_317_0_+disjointig_397_0_24040 24040 316 24041 0 24040
Edge	633	555	554	0	0	0	5	-1
	Sequence	-edge_317_0_+disjointig_397_0_24040 24040 -316 24041 0 24040
Edge	634	1621	788	0	0	0	3	-1
	Sequence	+edge_318_0_+disjointig_398_0_7654 7654 317 7655 0 7654
Edge	635	1643	553	0	0	0	3	-1
	Sequence	-edge_318_0_+disjointig_398_0_7654 7654 -317 7655 0 7654
Edge	636	1311	552	0	0	0	3	-1
	Sequence	+edge_319_0_+disjointig_399_0_11550 11550 318 11551 0 11550
Edge	637	1178	1459	0	0	0	3	-1
	Sequence	-edge_319_0_+disjointig_399_0_11550 11550 -318 11551 0 11550
Edge	638	706	551	0	0	0	5	-1
	Sequence	+edge_320_0_+disjointig_4_0_18137 18137 319 18138 0 18137
Edge	639	547	546	0	0	0	5	-1
	Sequence	-edge_320_0_+disjointig_4_0_18137 18137 -319 18138 0 18137
Edge	642	1565	1340	0	0	0	4	-1
	Sequence	+edge_322_0_+disjointig_400_0_8679 8679 321 8680 0 8679
Edge	643	1190	784	0	0	0	4	-1
	Sequence	-edge_322_0_+disjointig_400_0_8679 8679 -321 8680 0 8679
Edge	644	1629	1455	0	0	0	3	-1
	Sequence	+edge_323_0_+disjointig_401_0_8432 8432 322 8433 0 8432
Edge	645	1161	679	0	0	0	3	-1
	Sequence	-edge_323_0_+disjointig_401_0_8432 8432 -322 8433 0 8432
Edge	648	538	537	0	0	0	5	-1
	Sequence	+edge_325_0_+disjointig_404_0_14631 14631 324 14632 0 14631
Edge	649	855	1082	0	0	0	5	-1
	Sequence	-edge_325_0_+disjointig_404_0_14631 14631 -324 14632 0 14631
Edge	650	957	940	0	0	0	5	-1
	Sequence	+edge_326_0_+disjointig_405_0_38201 38201 325 38202 0 38201
Edge	651	863	939	0	0	0	5	-1
	Sequence	-edge_326_0_+disjointig_405_0_38201 38201 -325 38202 0 38201
Edge	652	1717	1699	0	0	0	5	-1
	Sequence	+edge_327_0_+disjointig_406_0_39252 39252 326 39253 0 39252
Edge	653	534	532	0	0	0	5	-1
	Sequence	-edge_327_0_+disjointig_406_0_39252 39252 -326 39253 0 39252
Edge	654	529	527	0	0	0	3	-1
	Sequence	+edge_328_0_+disjointig_407_0_12028 12028 327 12029 0 12028
Edge	655	1196	525	0	0	0	3	-1
	Sequence	-edge_328_0_+disjointig_407_0_12028 12028 -327 12029 0 12028
Edge	656	909	524	0	0	0	3	-1
	Sequence	+edge_329_0_+disjointig_409_0_24108 24108 328 24109 0 24108
Edge	657	1556	1263	0	0	0	3	-1
	Sequence	-edge_329_0_+disjointig_409_0_24108 24108 -328 24109 0 24108
Edge	658	408	1362	0	0	0	3	-1
	Sequence	+edge_330_0_+disjointig_41_0_25301 25301 329 25302 0 25301
Edge	659	1488	522	0	0	0	3	-1
	Sequence	-edge_330_0_+disjointig_41_0_25301 25301 -329 25302 0 25301
Edge	660	520	519	0	0	0	5	-1
	Sequence	+edge_331_0_+disjointig_410_0_22857 22857 330 22858 0 22857
Edge	661	517	1417	0	0	0	5	-1
	Sequence	-edge_331_0_+disjointig_410_0_22857 22857 -330 22858 0 22857
Edge	664	514	716	0	0	0	3	-1
	Sequence	+edge_333_0_+disjointig_412_0_14302 14302 332 14303 0 14302
Edge	665	1030	1379	0	0	0	3	-1
	Sequence	-edge_333_0_+disjointig_412_0_14302 14302 -332 14303 0 14302
Edge	666	512	819	0	0	0	3	-1
	Sequence	+edge_334_0_+disjointig_413_0_6631 6631 333 6632 0 6631
Edge	667	1545	1213	0	0	0	3	-1
	Sequence	-edge_334_0_+disjointig_413_0_6631 6631 -333 6632 0 6631
Edge	672	508	506	0	0	0	4	-1
	Sequence	+edge_337_0_+disjointig_416_0_14489 14489 336 14490 0 14489
Edge	673	505	1150	0	0	0	4	-1
	Sequence	-edge_337_0_+disjointig_416_0_14489 14489 -336 14490 0 14489
Edge	676	502	1483	0	0	0	3	-1
	Sequence	+edge_339_0_+disjointig_418_0_6828 6828 338 6829 0 6828
Edge	677	1095	877	0	0	0	3	-1
	Sequence	-edge_339_0_+disjointig_418_0_6828 6828 -338 6829 0 6828
Edge	680	1200	499	0	0	0	4	-1
	Sequence	+edge_341_0_+disjointig_42_0_41066 41066 340 41067 0 41066
Edge	681	496	1406	0	0	0	4	-1
	Sequence	-edge_341_0_+disjointig_42_0_41066 41066 -340 41067 0 41066
Edge	684	1077	493	0	0	0	4	-1
	Sequence	+edge_343_0_+disjointig_421_0_22685 22685 342 22686 0 22685
Edge	685	936	490	0	0	0	4	-1
	Sequence	-edge_343_0_+disjointig_421_0_22685 22685 -342 22686 0 22685
Edge	686	1669	531	0	0	0	6	-1
	Sequence	+edge_344_0_+disjointig_423_0_18774 18774 343 18775 0 18774
Edge	687	768	1171	0	0	0	6	-1
	Sequence	-edge_344_0_+disjointig_423_0_18774 18774 -343 18775 0 18774
Edge	690	743	1626	0	0	0	5	-1
	Sequence	+edge_346_0_+disjointig_425_0_37607 37607 345 37608 0 37607
Edge	691	394	1128	0	0	0	5	-1
	Sequence	-edge_346_0_+disjointig_425_0_37607 37607 -345 37608 0 37607
Edge	694	489	1616	0	0	0	5	-1
	Sequence	+edge_348_0_+disjointig_428_0_25460 25460 347 25461 0 25460
Edge	695	488	1372	0	0	0	5	-1
	Sequence	-edge_348_0_+disjointig_428_0_25460 25460 -347 25461 0 25460
Edge	696	1541	485	0	0	0	7	-1
	Sequence	+edge_349_0_+disjointig_429_0_21064 21064 348 21065 0 21064
Edge	697	1450	637	0	0	0	7	-1
	Sequence	-edge_349_0_+disjointig_429_0_21064 21064 -348 21065 0 21064
Edge	698	484	1005	0	0	0	6	-1
	Sequence	+edge_350_0_+disjointig_43_0_23269 23269 349 23270 0 23269
Edge	699	483	482	0	0	0	6	-1
	Sequence	-edge_350_0_+disjointig_43_0_23269 23269 -349 23270 0 23269
Edge	700	1694	481	0	0	0	3	-1
	Sequence	+edge_351_0_+disjointig_430_0_7424 7424 350 7425 0 7424
Edge	701	854	1517	0	0	0	3	-1
	Sequence	-edge_351_0_+disjointig_430_0_7424 7424 -350 7425 0 7424
Edge	706	698	745	0	0	0	5	-1
	Sequence	+edge_354_0_+disjointig_433_0_28145 28145 353 28146 0 28145
Edge	707	635	1562	0	0	0	5	-1
	Sequence	-edge_354_0_+disjointig_433_0_28145 28145 -353 28146 0 28145
Edge	712	470	1043	0	0	0	4	-1
	Sequence	+edge_357_0_+disjointig_436_0_10074 10074 356 10075 0 10074
Edge	713	542	874	0	0	0	4	-1
	Sequence	-edge_357_0_+disjointig_436_0_10074 10074 -356 10075 0 10074
Edge	714	713	469	0	0	0	5	-1
	Sequence	+edge_358_0_+disjointig_437_0_12654 12654 357 12655 0 12654
Edge	715	742	1652	0	0	0	5	-1
	Sequence	-edge_358_0_+disjointig_437_0_12654 12654 -357 12655 0 12654
Edge	718	1640	468	0	0	0	5	-1
	Sequence	+edge_360_0_+disjointig_439_0_12033 12033 359 12034 0 12033
Edge	719	467	973	0	0	0	5	-1
	Sequence	-edge_360_0_+disjointig_439_0_12033 12033 -359 12034 0 12033
Edge	720	466	805	0	0	0	5	-1
	Sequence	+edge_361_0_+disjointig_44_0_17286 17286 360 17287 0 17286
Edge	721	1177	464	0	0	0	5	-1
	Sequence	-edge_361_0_+disjointig_44_0_17286 17286 -360 17287 0 17286
Edge	722	503	1601	0	0	0	4	-1
	Sequence	+edge_362_0_+disjointig_440_0_12100 12100 361 12101 0 12100
Edge	723	463	862	0	0	0	4	-1
	Sequence	-edge_362_0_+disjointig_440_0_12100 12100 -361 12101 0 12100
Edge	724	712	491	0	0	0	4	-1
	Sequence	+edge_363_0_+disjointig_441_0_37896 37896 362 37897 0 37896
Edge	725	1107	462	0	0	0	4	-1
	Sequence	-edge_363_0_+disjointig_441_0_37896 37896 -362 37897 0 37896
Edge	726	461	459	1	0	0	8	-1
	Sequence	+edge_364_0_+disjointig_442_0_14881 14881 363 14882 0 14881
Edge	727	898	872	1	0	0	8	-1
	Sequence	-edge_364_0_+disjointig_442_0_14881 14881 -363 14882 0 14881
Edge	728	1670	457	0	0	0	3	-1
	Sequence	+edge_365_0_+disjointig_444_0_25355 25355 364 25356 0 25355
Edge	729	455	475	0	0	0	3	-1
	Sequence	-edge_365_0_+disjointig_444_0_25355 25355 -364 25356 0 25355
Edge	730	454	452	0	0	0	3	-1
	Sequence	+edge_366_0_+disjointig_445_0_14278 14278 365 14279 0 14278
Edge	731	933	640	0	0	0	3	-1
	Sequence	-edge_366_0_+disjointig_445_0_14278 14278 -365 14279 0 14278
Edge	732	774	932	0	0	0	4	-1
	Sequence	+edge_367_0_+disjointig_446_0_24198 24198 366 24199 0 24198
Edge	733	450	943	0	0	0	4	-1
	Sequence	-edge_367_0_+disjointig_446_0_24198 24198 -366 24199 0 24198
Edge	734	583	449	0	0	0	3	-1
	Sequence	+edge_368_0_+disjointig_447_0_14615 14615 367 14616 0 14615
Edge	735	448	446	0	0	0	3	-1
	Sequence	-edge_368_0_+disjointig_447_0_14615 14615 -367 14616 0 14615
Edge	736	445	443	0	0	0	5	-1
	Sequence	+edge_369_0_+disjointig_448_0_24190 24190 368 24191 0 24190
Edge	737	1057	442	0	0	0	5	-1
	Sequence	-edge_369_0_+disjointig_448_0_24190 24190 -368 24191 0 24190
Edge	738	440	758	0	0	0	4	-1
	Sequence	+edge_370_0_+disjointig_449_0_23226 23226 369 23227 0 23226
Edge	739	439	530	0	0	0	4	-1
	Sequence	-edge_370_0_+disjointig_449_0_23226 23226 -369 23227 0 23226
Edge	746	844	942	0	0	0	5	-1
	Sequence	+edge_374_0_+disjointig_452_0_36138 36138 373 36139 0 36138
Edge	747	1226	1345	0	0	0	5	-1
	Sequence	-edge_374_0_+disjointig_452_0_36138 36138 -373 36139 0 36138
Edge	748	1054	434	0	0	0	4	-1
	Sequence	+edge_375_0_+disjointig_453_0_14932 14932 374 14933 0 14932
Edge	749	1307	433	0	0	0	4	-1
	Sequence	-edge_375_0_+disjointig_453_0_14932 14932 -374 14933 0 14932
Edge	750	430	615	0	0	0	3	-1
	Sequence	+edge_376_0_+disjointig_454_0_16205 16205 375 16206 0 16205
Edge	751	428	535	0	0	0	3	-1
	Sequence	-edge_376_0_+disjointig_454_0_16205 16205 -375 16206 0 16205
Edge	752	426	1038	0	0	0	3	-1
	Sequence	+edge_377_0_+disjointig_455_0_6565 6565 376 6566 0 6565
Edge	753	1581	425	0	0	0	3	-1
	Sequence	-edge_377_0_+disjointig_455_0_6565 6565 -376 6566 0 6565
Edge	756	423	1705	0	0	0	3	-1
	Sequence	+edge_379_0_+disjointig_458_0_8542 8542 378 8543 0 8542
Edge	757	420	418	0	0	0	3	-1
	Sequence	-edge_379_0_+disjointig_458_0_8542 8542 -378 8543 0 8542
Edge	758	1445	416	0	0	0	3	-1
	Sequence	+edge_380_0_+disjointig_459_0_31915 31915 379 31916 0 31915
Edge	759	792	1497	0	0	0	3	-1
	Sequence	-edge_380_0_+disjointig_459_0_31915 31915 -379 31916 0 31915
Edge	760	998	415	0	0	0	5	-1
	Sequence	+edge_381_0_+disjointig_46_0_27364 27364 380 27365 0 27364
Edge	761	545	421	0	0	0	5	-1
	Sequence	-edge_381_0_+disjointig_46_0_27364 27364 -380 27365 0 27364
Edge	764	1072	865	0	0	0	3	-1
	Sequence	+edge_383_0_+disjointig_461_0_7560 7560 382 7561 0 7560
Edge	765	1504	1608	0	0	0	3	-1
	Sequence	-edge_383_0_+disjointig_461_0_7560 7560 -382 7561 0 7560
Edge	768	413	657	0	0	0	5	-1
	Sequence	+edge_385_0_+disjointig_463_0_11905 11905 384 11906 0 11905
Edge	769	411	410	0	0	0	5	-1
	Sequence	-edge_385_0_+disjointig_463_0_11905 11905 -384 11906 0 11905
Edge	770	1334	676	0	0	0	5	-1
	Sequence	+edge_386_0_+disjointig_464_0_10793 10793 385 10794 0 10793
Edge	771	409	407	0	0	0	5	-1
	Sequence	-edge_386_0_+disjointig_464_0_10793 10793 -385 10794 0 10793
Edge	772	1512	1397	0	0	0	3	-1
	Sequence	+edge_387_0_+disjointig_465_0_21652 21652 386 21653 0 21652
Edge	773	878	406	0	0	0	3	-1
	Sequence	-edge_387_0_+disjointig_465_0_21652 21652 -386 21653 0 21652
Edge	776	1701	1415	0	0	0	3	-1
	Sequence	+edge_389_0_+disjointig_467_0_13543 13543 388 13544 0 13543
Edge	777	1452	404	0	0	0	3	-1
	Sequence	-edge_389_0_+disjointig_467_0_13543 13543 -388 13544 0 13543
Edge	780	1471	1355	0	0	0	5	-1
	Sequence	+edge_391_0_+disjointig_469_0_33951 33951 390 33952 0 33951
Edge	781	549	403	0	0	0	5	-1
	Sequence	-edge_391_0_+disjointig_469_0_33951 33951 -390 33952 0 33951
Edge	782	919	412	0	0	0	7	-1
	Sequence	+edge_392_0_+disjointig_47_0_27889 27889 391 27890 0 27889
Edge	783	402	401	0	0	0	7	-1
	Sequence	-edge_392_0_+disjointig_47_0_27889 27889 -391 27890 0 27889
Edge	784	561	1662	0	0	0	3	-1
	Sequence	+edge_393_0_+disjointig_470_0_12929 12929 392 12930 0 12929
Edge	785	400	1507	0	0	0	3	-1
	Sequence	-edge_393_0_+disjointig_470_0_12929 12929 -392 12930 0 12929
Edge	786	472	398	0	0	0	3	-1
	Sequence	+edge_394_0_+disjointig_471_0_11354 11354 393 11355 0 11354
Edge	787	397	1572	0	0	0	3	-1
	Sequence	-edge_394_0_+disjointig_471_0_11354 11354 -393 11355 0 11354
Edge	788	395	1119	0	0	0	4	-1
	Sequence	+edge_395_0_+disjointig_472_0_11870 11870 394 11871 0 11870
Edge	789	391	388	0	0	0	4	-1
	Sequence	-edge_395_0_+disjointig_472_0_11870 11870 -394 11871 0 11870
Edge	790	1725	1463	0	0	0	4	-1
	Sequence	+edge_396_0_+disjointig_474_0_13178 13178 395 13179 0 13178
Edge	791	1249	437	0	0	0	4	-1
	Sequence	-edge_396_0_+disjointig_474_0_13178 13178 -395 13179 0 13178
Edge	794	1600	387	0	0	0	3	-1
	Sequence	+edge_398_0_+disjointig_476_0_11690 11690 397 11691 0 11690
Edge	795	1525	474	0	0	0	3	-1
	Sequence	-edge_398_0_+disjointig_476_0_11690 11690 -397 11691 0 11690
Edge	796	1060	478	0	0	0	3	-1
	Sequence	+edge_399_0_+disjointig_477_0_21751 21751 398 21752 0 21751
Edge	797	1706	386	0	0	0	3	-1
	Sequence	-edge_399_0_+disjointig_477_0_21751 21751 -398 21752 0 21751
Edge	804	705	384	0	0	0	5	-1
	Sequence	+edge_403_0_+disjointig_480_0_32030 32030 402 32031 0 32030
Edge	805	383	427	0	0	0	5	-1
	Sequence	-edge_403_0_+disjointig_480_0_32030 32030 -402 32031 0 32030
Edge	820	983	373	0	0	0	3	-1
	Sequence	+edge_411_0_+disjointig_488_0_8333 8333 410 8334 0 8333
Edge	821	1390	375	0	0	0	3	-1
	Sequence	-edge_411_0_+disjointig_488_0_8333 8333 -410 8334 0 8333
Edge	822	1708	621	0	0	0	3	-1
	Sequence	+edge_412_0_+disjointig_489_0_19934 19934 411 19935 0 19934
Edge	823	849	441	0	0	0	3	-1
	Sequence	-edge_412_0_+disjointig_489_0_19934 19934 -411 19935 0 19934
Edge	824	1418	651	0	0	0	4	-1
	Sequence	+edge_413_0_+disjointig_49_0_40544 40544 412 40545 0 40544
Edge	825	372	504	0	0	0	4	-1
	Sequence	-edge_413_0_+disjointig_49_0_40544 40544 -412 40545 0 40544
Edge	826	1203	371	0	0	0	3	-1
	Sequence	+edge_414_0_+disjointig_490_0_16711 16711 413 16712 0 16711
Edge	827	370	368	0	0	0	3	-1
	Sequence	-edge_414_0_+disjointig_490_0_16711 16711 -413 16712 0 16711
Edge	828	367	366	0	0	0	3	-1
	Sequence	+edge_415_0_+disjointig_491_0_13825 13825 414 13826 0 13825
Edge	829	365	1651	0	0	0	3	-1
	Sequence	-edge_415_0_+disjointig_491_0_13825 13825 -414 13826 0 13825
Edge	836	364	1322	0	0	0	3	-1
	Sequence	+edge_419_0_+disjointig_495_0_9673 9673 418 9674 0 9673
Edge	837	363	1260	0	0	0	3	-1
	Sequence	-edge_419_0_+disjointig_495_0_9673 9673 -418 9674 0 9673
Edge	842	1624	360	0	0	0	4	-1
	Sequence	+edge_422_0_+disjointig_498_0_14653 14653 421 14654 0 14653
Edge	843	359	733	0	0	0	4	-1
	Sequence	-edge_422_0_+disjointig_498_0_14653 14653 -421 14654 0 14653
Edge	850	358	357	0	0	0	3	-1
	Sequence	+edge_426_0_+disjointig_500_0_17259 17259 425 17260 0 17259
Edge	851	1238	643	0	0	0	3	-1
	Sequence	-edge_426_0_+disjointig_500_0_17259 17259 -425 17260 0 17259
Edge	854	355	1686	0	0	0	3	-1
	Sequence	+edge_428_0_+disjointig_502_0_11786 11786 427 11787 0 11786
Edge	855	422	353	0	0	0	3	-1
	Sequence	-edge_428_0_+disjointig_502_0_11786 11786 -427 11787 0 11786
Edge	856	351	350	0	0	0	4	-1
	Sequence	+edge_429_0_+disjointig_503_0_17997 17997 428 17998 0 17997
Edge	857	381	349	0	0	0	4	-1
	Sequence	-edge_429_0_+disjointig_503_0_17997 17997 -428 17998 0 17997
Edge	858	963	348	0	0	0	5	-1
	Sequence	+edge_430_0_+disjointig_504_0_11452 11452 429 11453 0 11452
Edge	859	346	616	0	0	0	5	-1
	Sequence	-edge_430_0_+disjointig_504_0_11452 11452 -429 11453 0 11452
Edge	864	344	1594	0	0	0	3	-1
	Sequence	+edge_433_0_+disjointig_507_0_11555 11555 432 11556 0 11555
Edge	865	343	342	0	0	0	3	-1
	Sequence	-edge_433_0_+disjointig_507_0_11555 11555 -432 11556 0 11555
Edge	866	340	536	0	0	0	4	-1
	Sequence	+edge_434_0_+disjointig_508_0_18040 18040 433 18041 0 18040
Edge	867	435	566	0	0	0	4	-1
	Sequence	-edge_434_0_+disjointig_508_0_18040 18040 -433 18041 0 18040
Edge	868	1039	339	0	0	0	3	-1
	Sequence	+edge_435_0_+disjointig_509_0_4177 4177 434 4178 0 4177
Edge	869	338	337	0	0	0	3	-1
	Sequence	-edge_435_0_+disjointig_509_0_4177 4177 -434 4178 0 4177
Edge	874	1093	336	0	0	0	4	-1
	Sequence	+edge_438_0_+disjointig_511_0_14221 14221 437 14222 0 14221
Edge	875	824	334	0	0	0	4	-1
	Sequence	-edge_438_0_+disjointig_511_0_14221 14221 -437 14222 0 14221
Edge	878	332	1075	0	0	0	5	-1
	Sequence	+edge_440_0_+disjointig_513_0_9475 9475 439 9476 0 9475
Edge	879	1576	331	0	0	0	5	-1
	Sequence	-edge_440_0_+disjointig_513_0_9475 9475 -439 9476 0 9475
Edge	882	330	329	0	0	0	4	-1
	Sequence	+edge_442_0_+disjointig_515_0_13267 13267 441 13268 0 13267
Edge	883	876	328	0	0	0	4	-1
	Sequence	-edge_442_0_+disjointig_515_0_13267 13267 -441 13268 0 13267
Edge	884	326	586	0	0	0	4	-1
	Sequence	+edge_443_0_+disjointig_516_0_29650 29650 442 29651 0 29650
Edge	885	382	325	0	0	0	4	-1
	Sequence	-edge_443_0_+disjointig_516_0_29650 29650 -442 29651 0 29650
Edge	886	1059	323	0	0	0	3	-1
	Sequence	+edge_444_0_+disjointig_517_0_17310 17310 443 17311 0 17310
Edge	887	322	321	0	0	0	3	-1
	Sequence	-edge_444_0_+disjointig_517_0_17310 17310 -443 17311 0 17310
Edge	888	1298	320	0	0	0	3	-1
	Sequence	+edge_445_0_+disjointig_518_0_27024 27024 444 27025 0 27024
Edge	889	319	318	0	0	0	3	-1
	Sequence	-edge_445_0_+disjointig_518_0_27024 27024 -444 27025 0 27024
Edge	890	316	315	0	0	0	4	-1
	Sequence	+edge_446_0_+disjointig_519_0_13645 13645 445 13646 0 13645
Edge	891	356	314	0	0	0	4	-1
	Sequence	-edge_446_0_+disjointig_519_0_13645 13645 -445 13646 0 13645
Edge	892	313	960	0	0	0	4	-1
	Sequence	+edge_447_0_+disjointig_52_0_30146 30146 446 30147 0 30146
Edge	893	312	405	0	0	0	4	-1
	Sequence	-edge_447_0_+disjointig_52_0_30146 30146 -446 30147 0 30146
Edge	894	310	755	0	0	0	4	-1
	Sequence	+edge_448_0_+disjointig_520_0_22587 22587 447 22588 0 22587
Edge	895	1714	873	0	0	0	4	-1
	Sequence	-edge_448_0_+disjointig_520_0_22587 22587 -447 22588 0 22587
Edge	900	309	550	0	0	0	4	-1
	Sequence	+edge_451_0_+disjointig_523_0_21541 21541 450 21542 0 21541
Edge	901	345	1371	0	0	0	4	-1
	Sequence	-edge_451_0_+disjointig_523_0_21541 21541 -450 21542 0 21541
Edge	902	843	308	0	0	0	3	-1
	Sequence	+edge_452_0_+disjointig_524_0_9759 9759 451 9760 0 9759
Edge	903	307	598	0	0	0	3	-1
	Sequence	-edge_452_0_+disjointig_524_0_9759 9759 -451 9760 0 9759
Edge	904	1596	354	0	0	0	5	-1
	Sequence	+edge_453_0_+disjointig_525_0_8001 8001 452 8002 0 8001
Edge	905	352	875	0	0	0	5	-1
	Sequence	-edge_453_0_+disjointig_525_0_8001 8001 -452 8002 0 8001
Edge	906	305	494	0	0	0	4	-1
	Sequence	+edge_454_0_+disjointig_526_0_15097 15097 453 15098 0 15097
Edge	907	304	303	0	0	0	4	-1
	Sequence	-edge_454_0_+disjointig_526_0_15097 15097 -453 15098 0 15097
Edge	910	302	749	0	0	0	5	-1
	Sequence	+edge_456_0_+disjointig_528_0_23423 23423 455 23424 0 23423
Edge	911	1711	300	0	0	0	5	-1
	Sequence	-edge_456_0_+disjointig_528_0_23423 23423 -455 23424 0 23423
Edge	912	299	297	0	0	0	4	-1
	Sequence	+edge_457_0_+disjointig_529_0_27812 27812 456 27813 0 27812
Edge	913	295	294	0	0	0	4	-1
	Sequence	-edge_457_0_+disjointig_529_0_27812 27812 -456 27813 0 27812
Edge	914	711	753	0	0	0	6	-1
	Sequence	+edge_458_0_+disjointig_53_0_81658 81658 457 81659 0 81658
Edge	915	379	293	0	0	0	6	-1
	Sequence	-edge_458_0_+disjointig_53_0_81658 81658 -457 81659 0 81658
Edge	918	1170	291	0	0	0	3	-1
	Sequence	+edge_460_0_+disjointig_531_0_16981 16981 459 16982 0 16981
Edge	919	1124	362	0	0	0	3	-1
	Sequence	-edge_460_0_+disjointig_531_0_16981 16981 -459 16982 0 16981
Edge	920	1294	869	0	0	0	3	-1
	Sequence	+edge_461_0_+disjointig_532_0_5617 5617 460 5618 0 5617
Edge	921	290	289	0	0	0	3	-1
	Sequence	-edge_461_0_+disjointig_532_0_5617 5617 -460 5618 0 5617
Edge	922	288	1010	0	0	0	4	-1
	Sequence	+edge_462_0_+disjointig_533_0_12870 12870 461 12871 0 12870
Edge	923	1398	287	0	0	0	4	-1
	Sequence	-edge_462_0_+disjointig_533_0_12870 12870 -461 12871 0 12870
Edge	928	285	486	0	0	0	6	-1
	Sequence	+edge_465_0_+disjointig_536_0_7228 7228 464 7229 0 7228
Edge	929	283	1713	0	0	0	6	-1
	Sequence	-edge_465_0_+disjointig_536_0_7228 7228 -464 7229 0 7228
Edge	934	664	281	0	0	0	3	-1
	Sequence	+edge_468_0_+disjointig_539_0_26987 26987 467 26988 0 26987
Edge	935	533	1685	0	0	0	3	-1
	Sequence	-edge_468_0_+disjointig_539_0_26987 26987 -467 26988 0 26987
Edge	948	311	275	0	0	0	4	-1
	Sequence	+edge_475_0_+disjointig_545_0_13965 13965 474 13966 0 13965
Edge	949	1615	274	0	0	0	4	-1
	Sequence	-edge_475_0_+disjointig_545_0_13965 13965 -474 13966 0 13965
Edge	950	770	378	0	0	0	4	-1
	Sequence	+edge_476_0_+disjointig_546_0_7198 7198 475 7199 0 7198
Edge	951	347	950	0	0	0	4	-1
	Sequence	-edge_476_0_+disjointig_546_0_7198 7198 -475 7199 0 7198
Edge	954	1647	1649	0	0	0	5	-1
	Sequence	+edge_478_0_+disjointig_548_0_16075 16075 477 16076 0 16075
Edge	955	1617	272	0	0	0	5	-1
	Sequence	-edge_478_0_+disjointig_548_0_16075 16075 -477 16076 0 16075
Edge	958	271	269	0	0	0	5	-1
	Sequence	+edge_480_0_+disjointig_55_0_56825 56825 479 56826 0 56825
Edge	959	268	1389	0	0	0	5	-1
	Sequence	-edge_480_0_+disjointig_55_0_56825 56825 -479 56826 0 56825
Edge	960	267	266	0	0	0	4	-1
	Sequence	+edge_481_0_+disjointig_550_0_17423 17423 480 17424 0 17423
Edge	961	265	263	0	0	0	4	-1
	Sequence	-edge_481_0_+disjointig_550_0_17423 17423 -480 17424 0 17423
Edge	964	262	260	0	0	0	6	-1
	Sequence	+edge_483_0_+disjointig_552_0_26699 26699 482 26700 0 26699
Edge	965	277	258	0	0	0	6	-1
	Sequence	-edge_483_0_+disjointig_552_0_26699 26699 -482 26700 0 26699
Edge	970	256	255	1	0	0	8	-1
	Sequence	+edge_486_0_+disjointig_556_0_14677 14677 485 14678 0 14677
Edge	971	1315	253	1	0	0	8	-1
	Sequence	-edge_486_0_+disjointig_556_0_14677 14677 -485 14678 0 14677
Edge	972	1285	252	0	0	0	3	-1
	Sequence	+edge_487_0_+disjointig_557_0_4888 4888 486 4889 0 4888
Edge	973	251	250	0	0	0	3	-1
	Sequence	-edge_487_0_+disjointig_557_0_4888 4888 -486 4889 0 4888
Edge	974	249	1368	1	0	0	11	-1
	Sequence	+edge_488_0_+disjointig_558_0_11313 11313 487 11314 0 11313
Edge	975	333	511	1	0	0	11	-1
	Sequence	-edge_488_0_+disjointig_558_0_11313 11313 -487 11314 0 11313
Edge	978	248	1514	0	0	0	6	-1
	Sequence	+edge_490_0_+disjointig_56_0_47858 47858 489 47859 0 47858
Edge	979	247	246	0	0	0	6	-1
	Sequence	-edge_490_0_+disjointig_56_0_47858 47858 -489 47859 0 47858
Edge	984	760	883	0	0	0	3	-1
	Sequence	+edge_493_0_+disjointig_562_0_12902 12902 492 12903 0 12902
Edge	985	245	244	0	0	0	3	-1
	Sequence	-edge_493_0_+disjointig_562_0_12902 12902 -492 12903 0 12902
Edge	986	276	243	0	0	0	3	-1
	Sequence	+edge_494_0_+disjointig_563_0_7714 7714 493 7715 0 7714
Edge	987	341	242	0	0	0	3	-1
	Sequence	-edge_494_0_+disjointig_563_0_7714 7714 -493 7715 0 7714
Edge	992	526	241	0	0	0	7	-1
	Sequence	+edge_497_0_+disjointig_567_0_19331 19331 496 19332 0 19331
Edge	993	832	1366	0	0	0	7	-1
	Sequence	-edge_497_0_+disjointig_567_0_19331 19331 -496 19332 0 19331
Edge	994	240	239	0	0	0	3	-1
	Sequence	+edge_498_0_+disjointig_568_0_9279 9279 497 9280 0 9279
Edge	995	238	237	0	0	0	3	-1
	Sequence	-edge_498_0_+disjointig_568_0_9279 9279 -497 9280 0 9279
Edge	996	236	235	0	0	0	4	-1
	Sequence	+edge_499_0_+disjointig_569_0_18586 18586 498 18587 0 18586
Edge	997	910	234	0	0	0	4	-1
	Sequence	-edge_499_0_+disjointig_569_0_18586 18586 -498 18587 0 18586
Edge	1000	233	232	0	0	0	3	-1
	Sequence	+edge_501_0_+disjointig_570_0_5124 5124 500 5125 0 5124
Edge	1001	230	229	0	0	0	3	-1
	Sequence	-edge_501_0_+disjointig_570_0_5124 5124 -500 5125 0 5124
Edge	1002	228	227	0	0	0	6	-1
	Sequence	+edge_502_0_+disjointig_572_0_28865 28865 501 28866 0 28865
Edge	1003	298	1050	0	0	0	6	-1
	Sequence	-edge_502_0_+disjointig_572_0_28865 28865 -501 28866 0 28865
Edge	1004	226	225	0	0	0	3	-1
	Sequence	+edge_503_0_+disjointig_573_0_9344 9344 502 9345 0 9344
Edge	1005	224	633	0	0	0	3	-1
	Sequence	-edge_503_0_+disjointig_573_0_9344 9344 -502 9345 0 9344
Edge	1010	223	376	0	0	0	3	-1
	Sequence	+edge_506_0_+disjointig_576_0_10388 10388 505 10389 0 10388
Edge	1011	987	1265	0	0	0	3	-1
	Sequence	-edge_506_0_+disjointig_576_0_10388 10388 -505 10389 0 10388
Edge	1018	222	221	0	0	0	5	-1
	Sequence	+edge_510_0_+disjointig_58_0_41554 41554 509 41555 0 41554
Edge	1019	218	217	0	0	0	5	-1
	Sequence	-edge_510_0_+disjointig_58_0_41554 41554 -509 41555 0 41554
Edge	1020	284	791	0	0	0	4	-1
	Sequence	+edge_511_0_+disjointig_581_0_11433 11433 510 11434 0 11433
Edge	1021	1360	216	0	0	0	4	-1
	Sequence	-edge_511_0_+disjointig_581_0_11433 11433 -510 11434 0 11433
Edge	1024	215	214	0	0	0	4	-1
	Sequence	+edge_513_0_+disjointig_583_0_10491 10491 512 10492 0 10491
Edge	1025	1641	1414	0	0	0	4	-1
	Sequence	-edge_513_0_+disjointig_583_0_10491 10491 -512 10492 0 10491
Edge	1026	990	769	0	0	0	5	-1
	Sequence	+edge_514_0_+disjointig_584_0_9930 9930 513 9931 0 9930
Edge	1027	1250	724	0	0	0	5	-1
	Sequence	-edge_514_0_+disjointig_584_0_9930 9930 -513 9931 0 9930
Edge	1028	213	212	0	0	0	5	-1
	Sequence	+edge_515_0_+disjointig_585_0_12948 12948 514 12949 0 12948
Edge	1029	211	210	0	0	0	5	-1
	Sequence	-edge_515_0_+disjointig_585_0_12948 12948 -514 12949 0 12948
Edge	1032	1515	374	0	0	0	3	-1
	Sequence	+edge_517_0_+disjointig_587_0_12937 12937 516 12938 0 12937
Edge	1033	1091	208	0	0	0	3	-1
	Sequence	-edge_517_0_+disjointig_587_0_12937 12937 -516 12938 0 12937
Edge	1036	207	453	0	0	0	6	-1
	Sequence	+edge_519_0_+disjointig_589_0_13016 13016 518 13017 0 13016
Edge	1037	205	539	0	0	0	6	-1
	Sequence	-edge_519_0_+disjointig_589_0_13016 13016 -518 13017 0 13016
Edge	1038	204	203	0	0	0	5	-1
	Sequence	+edge_520_0_+disjointig_59_0_18683 18683 519 18684 0 18683
Edge	1039	1106	202	0	0	0	5	-1
	Sequence	-edge_520_0_+disjointig_59_0_18683 18683 -519 18684 0 18683
Edge	1042	201	200	0	0	0	3	-1
	Sequence	+edge_522_0_+disjointig_591_0_6006 6006 521 6007 0 6006
Edge	1043	199	198	0	0	0	3	-1
	Sequence	-edge_522_0_+disjointig_591_0_6006 6006 -521 6007 0 6006
Edge	1044	197	607	0	0	0	7	-1
	Sequence	+edge_523_0_+disjointig_592_0_25283 25283 522 25284 0 25283
Edge	1045	196	195	0	0	0	7	-1
	Sequence	-edge_523_0_+disjointig_592_0_25283 25283 -522 25284 0 25283
Edge	1046	1511	194	0	0	0	4	-1
	Sequence	+edge_524_0_+disjointig_593_0_16462 16462 523 16463 0 16462
Edge	1047	193	192	0	0	0	4	-1
	Sequence	-edge_524_0_+disjointig_593_0_16462 16462 -523 16463 0 16462
Edge	1054	608	191	0	0	0	4	-1
	Sequence	+edge_528_0_+disjointig_599_0_21694 21694 527 21695 0 21694
Edge	1055	1530	1138	0	0	0	4	-1
	Sequence	-edge_528_0_+disjointig_599_0_21694 21694 -527 21695 0 21694
Edge	1056	190	189	0	0	0	3	-1
	Sequence	+edge_529_0_+disjointig_6_0_35486 35486 528 35487 0 35486
Edge	1057	392	254	0	0	0	3	-1
	Sequence	-edge_529_0_+disjointig_6_0_35486 35486 -528 35487 0 35486
Edge	1058	188	187	0	0	0	4	-1
	Sequence	+edge_530_0_+disjointig_60_0_23287 23287 529 23288 0 23287
Edge	1059	280	509	0	0	0	4	-1
	Sequence	-edge_530_0_+disjointig_60_0_23287 23287 -529 23288 0 23287
Edge	1062	816	186	0	0	0	4	-1
	Sequence	+edge_532_0_+disjointig_601_0_8101 8101 531 8102 0 8101
Edge	1063	185	184	0	0	0	4	-1
	Sequence	-edge_532_0_+disjointig_601_0_8101 8101 -531 8102 0 8101
Edge	1066	1700	183	0	0	0	5	-1
	Sequence	+edge_534_0_+disjointig_603_0_12163 12163 533 12164 0 12163
Edge	1067	1353	1242	0	0	0	5	-1
	Sequence	-edge_534_0_+disjointig_603_0_12163 12163 -533 12164 0 12163
Edge	1076	180	1187	0	0	0	3	-1
	Sequence	+edge_539_0_+disjointig_608_0_9565 9565 538 9566 0 9565
Edge	1077	179	1454	0	0	0	3	-1
	Sequence	-edge_539_0_+disjointig_608_0_9565 9565 -538 9566 0 9565
Edge	1080	177	1342	1	0	0	8	-1
	Sequence	+edge_541_0_+disjointig_61_0_16903 16903 540 16904 0 16903
Edge	1081	176	1678	1	0	0	8	-1
	Sequence	-edge_541_0_+disjointig_61_0_16903 16903 -540 16904 0 16903
Edge	1084	1622	292	0	0	0	4	-1
	Sequence	+edge_543_0_+disjointig_611_0_10488 10488 542 10489 0 10488
Edge	1085	1130	174	0	0	0	4	-1
	Sequence	-edge_543_0_+disjointig_611_0_10488 10488 -542 10489 0 10488
Edge	1086	588	173	0	0	0	3	-1
	Sequence	+edge_544_0_+disjointig_612_0_14362 14362 543 14363 0 14362
Edge	1087	172	1016	0	0	0	3	-1
	Sequence	-edge_544_0_+disjointig_612_0_14362 14362 -543 14363 0 14362
Edge	1090	171	170	0	0	0	3	-1
	Sequence	+edge_546_0_+disjointig_615_0_15544 15544 545 15545 0 15544
Edge	1091	1045	1434	0	0	0	3	-1
	Sequence	-edge_546_0_+disjointig_615_0_15544 15544 -545 15545 0 15544
Edge	1112	167	473	0	0	0	4	-1
	Sequence	+edge_557_0_+disjointig_625_0_7326 7326 556 7327 0 7326
Edge	1113	166	1637	0	0	0	4	-1
	Sequence	-edge_557_0_+disjointig_625_0_7326 7326 -556 7327 0 7326
Edge	1114	165	164	0	0	0	3	-1
	Sequence	+edge_558_0_+disjointig_626_0_17434 17434 557 17435 0 17434
Edge	1115	163	162	0	0	0	3	-1
	Sequence	-edge_558_0_+disjointig_626_0_17434 17434 -557 17435 0 17434
Edge	1118	161	159	0	0	0	3	-1
	Sequence	+edge_560_0_+disjointig_629_0_21769 21769 559 21770 0 21769
Edge	1119	158	157	0	0	0	3	-1
	Sequence	-edge_560_0_+disjointig_629_0_21769 21769 -559 21770 0 21769
Edge	1120	156	155	0	0	0	6	-1
	Sequence	+edge_561_0_+disjointig_63_0_29995 29995 560 29996 0 29995
Edge	1121	154	153	0	0	0	6	-1
	Sequence	-edge_561_0_+disjointig_63_0_29995 29995 -560 29996 0 29995
Edge	1122	152	151	0	0	0	4	-1
	Sequence	+edge_562_0_+disjointig_630_0_23588 23588 561 23589 0 23588
Edge	1123	150	257	0	0	0	4	-1
	Sequence	-edge_562_0_+disjointig_630_0_23588 23588 -561 23589 0 23588
Edge	1126	335	727	0	0	0	3	-1
	Sequence	+edge_564_0_+disjointig_632_0_7577 7577 563 7578 0 7577
Edge	1127	523	149	0	0	0	3	-1
	Sequence	-edge_564_0_+disjointig_632_0_7577 7577 -563 7578 0 7577
Edge	1138	286	147	0	0	0	3	-1
	Sequence	+edge_570_0_+disjointig_639_0_8272 8272 569 8273 0 8272
Edge	1139	859	1475	0	0	0	3	-1
	Sequence	-edge_570_0_+disjointig_639_0_8272 8272 -569 8273 0 8272
Edge	1142	145	168	0	0	0	4	-1
	Sequence	+edge_572_0_+disjointig_640_0_24111 24111 571 24112 0 24111
Edge	1143	144	1437	0	0	0	4	-1
	Sequence	-edge_572_0_+disjointig_640_0_24111 24111 -571 24112 0 24111
Edge	1144	1691	1098	0	0	0	3	-1
	Sequence	+edge_573_0_+disjointig_641_0_7177 7177 572 7178 0 7177
Edge	1145	977	142	0	0	0	3	-1
	Sequence	-edge_573_0_+disjointig_641_0_7177 7177 -572 7178 0 7177
Edge	1148	141	1443	0	0	0	4	-1
	Sequence	+edge_575_0_+disjointig_643_0_21594 21594 574 21595 0 21594
Edge	1149	140	139	0	0	0	4	-1
	Sequence	-edge_575_0_+disjointig_643_0_21594 21594 -574 21595 0 21594
Edge	1150	380	138	0	0	0	4	-1
	Sequence	+edge_576_0_+disjointig_644_0_19394 19394 575 19395 0 19394
Edge	1151	279	1570	0	0	0	4	-1
	Sequence	-edge_576_0_+disjointig_644_0_19394 19394 -575 19395 0 19394
Edge	1158	136	135	0	0	0	4	-1
	Sequence	+edge_580_0_+disjointig_65_0_6125 6125 579 6126 0 6125
Edge	1159	134	1021	0	0	0	4	-1
	Sequence	-edge_580_0_+disjointig_65_0_6125 6125 -579 6126 0 6125
Edge	1164	361	133	0	0	0	5	-1
	Sequence	+edge_583_0_+disjointig_652_0_6934 6934 582 6935 0 6934
Edge	1165	1351	132	0	0	0	5	-1
	Sequence	-edge_583_0_+disjointig_652_0_6934 6934 -582 6935 0 6934
Edge	1174	130	1136	0	0	0	3	-1
	Sequence	+edge_588_0_+disjointig_657_0_14258 14258 587 14259 0 14258
Edge	1175	129	870	0	0	0	3	-1
	Sequence	-edge_588_0_+disjointig_657_0_14258 14258 -587 14259 0 14258
Edge	1180	327	1358	0	0	0	7	-1
	Sequence	+edge_591_0_+disjointig_66_0_35488 35488 590 35489 0 35488
Edge	1181	1363	137	0	0	0	7	-1
	Sequence	-edge_591_0_+disjointig_66_0_35488 35488 -590 35489 0 35488
Edge	1182	127	1489	0	0	0	3	-1
	Sequence	+edge_592_0_+disjointig_660_0_5810 5810 591 5811 0 5810
Edge	1183	126	125	0	0	0	3	-1
	Sequence	-edge_592_0_+disjointig_660_0_5810 5810 -591 5811 0 5810
Edge	1184	1613	1373	0	0	0	3	-1
	Sequence	+edge_593_0_+disjointig_661_0_12550 12550 592 12551 0 12550
Edge	1185	1612	1273	0	0	0	3	-1
	Sequence	-edge_593_0_+disjointig_661_0_12550 12550 -592 12551 0 12550
Edge	1186	124	123	0	0	0	4	-1
	Sequence	+edge_594_0_+disjointig_662_0_11362 11362 593 11363 0 11362
Edge	1187	143	629	0	0	0	4	-1
	Sequence	-edge_594_0_+disjointig_662_0_11362 11362 -593 11363 0 11362
Edge	1188	122	1100	0	0	0	3	-1
	Sequence	+edge_595_0_+disjointig_663_0_9066 9066 594 9067 0 9066
Edge	1189	913	121	0	0	0	3	-1
	Sequence	-edge_595_0_+disjointig_663_0_9066 9066 -594 9067 0 9066
Edge	1196	1143	1139	0	0	0	3	-1
	Sequence	+edge_599_0_+disjointig_668_0_6733 6733 598 6734 0 6733
Edge	1197	1496	120	0	0	0	3	-1
	Sequence	-edge_599_0_+disjointig_668_0_6733 6733 -598 6734 0 6733
Edge	1198	925	1179	0	0	0	3	-1
	Sequence	+edge_600_0_+disjointig_669_0_10176 10176 599 10177 0 10176
Edge	1199	119	118	0	0	0	3	-1
	Sequence	-edge_600_0_+disjointig_669_0_10176 10176 -599 10177 0 10176
Edge	1202	1113	1580	1	0	0	10	-1
	Sequence	+edge_602_0_+disjointig_672_0_8344 8344 601 8345 0 8344
Edge	1203	117	1012	1	0	0	10	-1
	Sequence	-edge_602_0_+disjointig_672_0_8344 8344 -601 8345 0 8344
Edge	1208	278	956	0	0	0	3	-1
	Sequence	+edge_605_0_+disjointig_675_0_6576 6576 604 6577 0 6576
Edge	1209	116	264	0	0	0	3	-1
	Sequence	-edge_605_0_+disjointig_675_0_6576 6576 -604 6577 0 6576
Edge	1210	114	113	0	0	0	3	-1
	Sequence	+edge_606_0_+disjointig_676_0_10088 10088 605 10089 0 10088
Edge	1211	146	112	0	0	0	3	-1
	Sequence	-edge_606_0_+disjointig_676_0_10088 10088 -605 10089 0 10088
Edge	1218	881	1690	0	0	0	7	-1
	Sequence	+edge_610_0_+disjointig_68_0_43262 43262 609 43263 0 43262
Edge	1219	111	456	0	0	0	7	-1
	Sequence	-edge_610_0_+disjointig_68_0_43262 43262 -609 43263 0 43262
Edge	1232	507	1544	0	0	0	3	-1
	Sequence	+edge_617_0_+disjointig_686_0_7077 7077 616 7078 0 7077
Edge	1233	110	1090	0	0	0	3	-1
	Sequence	-edge_617_0_+disjointig_686_0_7077 7077 -616 7078 0 7077
Edge	1234	109	108	0	0	0	3	-1
	Sequence	+edge_618_0_+disjointig_687_0_19491 19491 617 19492 0 19491
Edge	1235	107	1428	0	0	0	3	-1
	Sequence	-edge_618_0_+disjointig_687_0_19491 19491 -617 19492 0 19491
Edge	1240	106	105	0	0	0	3	-1
	Sequence	+edge_621_0_+disjointig_69_0_35038 35038 620 35039 0 35038
Edge	1241	104	103	0	0	0	3	-1
	Sequence	-edge_621_0_+disjointig_69_0_35038 35038 -620 35039 0 35038
Edge	1250	102	101	0	0	0	3	-1
	Sequence	+edge_626_0_+disjointig_695_0_11019 11019 625 11020 0 11019
Edge	1251	1501	955	0	0	0	3	-1
	Sequence	-edge_626_0_+disjointig_695_0_11019 11019 -625 11020 0 11019
Edge	1252	100	99	0	0	0	3	-1
	Sequence	+edge_627_0_+disjointig_696_0_19694 19694 626 19695 0 19694
Edge	1253	458	98	0	0	0	3	-1
	Sequence	-edge_627_0_+disjointig_696_0_19694 19694 -626 19695 0 19694
Edge	1258	1324	96	0	0	0	4	-1
	Sequence	+edge_630_0_+disjointig_699_0_12893 12893 629 12894 0 12893
Edge	1259	301	95	0	0	0	4	-1
	Sequence	-edge_630_0_+disjointig_699_0_12893 12893 -629 12894 0 12893
Edge	1260	94	587	0	0	0	6	-1
	Sequence	+edge_631_0_+disjointig_7_0_36834 36834 630 36835 0 36834
Edge	1261	261	671	0	0	0	6	-1
	Sequence	-edge_631_0_+disjointig_7_0_36834 36834 -630 36835 0 36834
Edge	1262	93	220	0	0	0	5	-1
	Sequence	+edge_632_0_+disjointig_70_0_11878 11878 631 11879 0 11878
Edge	1263	899	92	0	0	0	5	-1
	Sequence	-edge_632_0_+disjointig_70_0_11878 11878 -631 11879 0 11878
Edge	1270	91	90	0	0	0	3	-1
	Sequence	+edge_636_0_+disjointig_703_0_6205 6205 635 6206 0 6205
Edge	1271	89	88	0	0	0	3	-1
	Sequence	-edge_636_0_+disjointig_703_0_6205 6205 -635 6206 0 6205
Edge	1272	1439	115	0	0	0	5	-1
	Sequence	+edge_637_0_+disjointig_704_0_13449 13449 636 13450 0 13449
Edge	1273	1492	87	0	0	0	5	-1
	Sequence	-edge_637_0_+disjointig_704_0_13449 13449 -636 13450 0 13449
Edge	1276	86	128	0	0	0	3	-1
	Sequence	+edge_639_0_+disjointig_706_0_12115 12115 638 12116 0 12115
Edge	1277	85	84	0	0	0	3	-1
	Sequence	-edge_639_0_+disjointig_706_0_12115 12115 -638 12116 0 12115
Edge	1288	83	1173	0	0	0	3	-1
	Sequence	+edge_645_0_+disjointig_711_0_15593 15593 644 15594 0 15593
Edge	1289	259	82	0	0	0	3	-1
	Sequence	-edge_645_0_+disjointig_711_0_15593 15593 -644 15594 0 15593
Edge	1292	97	518	0	0	0	3	-1
	Sequence	+edge_647_0_+disjointig_713_0_10178 10178 646 10179 0 10178
Edge	1293	1142	81	0	0	0	3	-1
	Sequence	-edge_647_0_+disjointig_713_0_10178 10178 -646 10179 0 10178
Edge	1304	78	1422	1	0	0	9	-1
	Sequence	+edge_653_0_+disjointig_719_0_13083 13083 652 13084 0 13083
Edge	1305	77	76	1	0	0	9	-1
	Sequence	-edge_653_0_+disjointig_719_0_13083 13083 -652 13084 0 13083
Edge	1306	182	74	1	0	0	8	-1
	Sequence	+edge_654_0_+disjointig_72_0_26157 26157 653 26158 0 26157
Edge	1307	73	72	1	0	0	8	-1
	Sequence	-edge_654_0_+disjointig_72_0_26157 26157 -653 26158 0 26157
Edge	1310	1656	219	0	0	0	4	-1
	Sequence	+edge_656_0_+disjointig_721_0_9993 9993 655 9994 0 9993
Edge	1311	1664	1710	0	0	0	4	-1
	Sequence	-edge_656_0_+disjointig_721_0_9993 9993 -655 9994 0 9993
Edge	1312	813	70	0	0	0	3	-1
	Sequence	+edge_657_0_+disjointig_722_0_6723 6723 656 6724 0 6723
Edge	1313	1264	69	0	0	0	3	-1
	Sequence	-edge_657_0_+disjointig_722_0_6723 6723 -656 6724 0 6723
Edge	1316	544	68	0	0	0	4	-1
	Sequence	+edge_659_0_+disjointig_724_0_16981 16981 658 16982 0 16981
Edge	1317	67	66	0	0	0	4	-1
	Sequence	-edge_659_0_+disjointig_724_0_16981 16981 -658 16982 0 16981
Edge	1320	65	64	0	0	0	3	-1
	Sequence	+edge_661_0_+disjointig_726_0_6742 6742 660 6743 0 6742
Edge	1321	178	206	0	0	0	3	-1
	Sequence	-edge_661_0_+disjointig_726_0_6742 6742 -660 6743 0 6742
Edge	1326	492	79	0	0	0	5	-1
	Sequence	+edge_664_0_+disjointig_729_0_15943 15943 663 15944 0 15943
Edge	1327	389	63	0	0	0	5	-1
	Sequence	-edge_664_0_+disjointig_729_0_15943 15943 -663 15944 0 15943
Edge	1330	994	62	0	0	0	4	-1
	Sequence	+edge_666_0_+disjointig_730_0_18708 18708 665 18709 0 18708
Edge	1331	61	60	0	0	0	4	-1
	Sequence	-edge_666_0_+disjointig_730_0_18708 18708 -665 18709 0 18708
Edge	1332	1292	169	0	0	0	3	-1
	Sequence	+edge_667_0_+disjointig_731_0_10417 10417 666 10418 0 10417
Edge	1333	59	58	0	0	0	3	-1
	Sequence	-edge_667_0_+disjointig_731_0_10417 10417 -666 10418 0 10417
Edge	1350	181	56	0	0	0	3	-1
	Sequence	+edge_676_0_+disjointig_740_0_10411 10411 675 10412 0 10411
Edge	1351	55	54	0	0	0	3	-1
	Sequence	-edge_676_0_+disjointig_740_0_10411 10411 -675 10412 0 10411
Edge	1356	559	57	0	0	0	3	-1
	Sequence	+edge_679_0_+disjointig_743_0_10016 10016 678 10017 0 10016
Edge	1357	53	175	0	0	0	3	-1
	Sequence	-edge_679_0_+disjointig_743_0_10016 10016 -678 10017 0 10016
Edge	1362	52	51	0	0	0	3	-1
	Sequence	+edge_682_0_+disjointig_746_0_6902 6902 681 6903 0 6902
Edge	1363	50	49	0	0	0	3	-1
	Sequence	-edge_682_0_+disjointig_746_0_6902 6902 -681 6903 0 6902
Edge	1364	1110	48	0	0	0	3	-1
	Sequence	+edge_683_0_+disjointig_747_0_6135 6135 682 6136 0 6135
Edge	1365	660	823	0	0	0	3	-1
	Sequence	-edge_683_0_+disjointig_747_0_6135 6135 -682 6136 0 6135
Edge	1380	1323	1569	0	0	0	4	-1
	Sequence	+edge_691_0_+disjointig_755_0_15408 15408 690 15409 0 15408
Edge	1381	1233	47	0	0	0	4	-1
	Sequence	-edge_691_0_+disjointig_755_0_15408 15408 -690 15409 0 15408
Edge	1390	46	160	0	0	0	3	-1
	Sequence	+edge_696_0_+disjointig_76_0_7926 7926 695 7927 0 7926
Edge	1391	231	45	0	0	0	3	-1
	Sequence	-edge_696_0_+disjointig_76_0_7926 7926 -695 7927 0 7926
Edge	1394	1300	44	0	0	0	4	-1
	Sequence	+edge_698_0_+disjointig_761_0_9385 9385 697 9386 0 9385
Edge	1395	465	1575	0	0	0	4	-1
	Sequence	-edge_698_0_+disjointig_761_0_9385 9385 -697 9386 0 9385
Edge	1400	43	656	0	0	0	4	-1
	Sequence	+edge_701_0_+disjointig_764_0_15829 15829 700 15830 0 15829
Edge	1401	736	42	0	0	0	4	-1
	Sequence	-edge_701_0_+disjointig_764_0_15829 15829 -700 15830 0 15829
Edge	1404	653	1487	1	0	0	8	-1
	Sequence	+edge_703_0_+disjointig_766_0_15112 15112 702 15113 0 15112
Edge	1405	41	1291	1	0	0	8	-1
	Sequence	-edge_703_0_+disjointig_766_0_15112 15112 -702 15113 0 15112
Edge	1408	40	39	0	0	0	5	-1
	Sequence	+edge_705_0_+disjointig_768_0_22054 22054 704 22055 0 22054
Edge	1409	694	581	0	0	0	5	-1
	Sequence	-edge_705_0_+disjointig_768_0_22054 22054 -704 22055 0 22054
Edge	1412	38	895	0	0	0	3	-1
	Sequence	+edge_707_0_+disjointig_77_0_26186 26186 706 26187 0 26186
Edge	1413	131	1236	0	0	0	3	-1
	Sequence	-edge_707_0_+disjointig_77_0_26186 26186 -706 26187 0 26186
Edge	1432	1485	1543	0	0	0	6	-1
	Sequence	+edge_717_0_+disjointig_79_0_40796 40796 716 40797 0 40796
Edge	1433	377	1425	0	0	0	6	-1
	Sequence	-edge_717_0_+disjointig_79_0_40796 40796 -716 40797 0 40796
Edge	1434	36	841	0	0	0	6	-1
	Sequence	+edge_718_0_+disjointig_8_0_26026 26026 717 26027 0 26026
Edge	1435	35	34	0	0	0	6	-1
	Sequence	-edge_718_0_+disjointig_8_0_26026 26026 -717 26027 0 26026
Edge	1436	296	282	0	0	0	7	-1
	Sequence	+edge_719_0_+disjointig_80_0_26431 26431 718 26432 0 26431
Edge	1437	33	1446	0	0	0	7	-1
	Sequence	-edge_719_0_+disjointig_80_0_26431 26431 -718 26432 0 26431
Edge	1438	1590	623	0	0	0	3	-1
	Sequence	+edge_720_0_+disjointig_81_0_39494 39494 719 39495 0 39494
Edge	1439	32	75	0	0	0	3	-1
	Sequence	-edge_720_0_+disjointig_81_0_39494 39494 -719 39495 0 39494
Edge	1440	658	31	0	0	0	4	-1
	Sequence	+edge_721_0_+disjointig_82_0_18035 18035 720 18036 0 18035
Edge	1441	1115	966	0	0	0	4	-1
	Sequence	-edge_721_0_+disjointig_82_0_18035 18035 -720 18036 0 18035
Edge	1444	30	29	0	0	0	5	-1
	Sequence	+edge_723_0_+disjointig_84_0_21515 21515 722 21516 0 21515
Edge	1445	28	273	0	0	0	5	-1
	Sequence	-edge_723_0_+disjointig_84_0_21515 21515 -722 21516 0 21515
Edge	1446	638	27	0	0	0	3	-1
	Sequence	+edge_724_0_+disjointig_85_0_23888 23888 723 23889 0 23888
Edge	1447	26	25	0	0	0	3	-1
	Sequence	-edge_724_0_+disjointig_85_0_23888 23888 -723 23889 0 23888
Edge	1450	663	23	0	0	0	3	-1
	Sequence	+edge_726_0_+disjointig_87_0_13513 13513 725 13514 0 13513
Edge	1451	1209	22	0	0	0	3	-1
	Sequence	-edge_726_0_+disjointig_87_0_13513 13513 -725 13514 0 13513
Edge	1452	693	1329	0	0	0	4	-1
	Sequence	+edge_727_0_+disjointig_88_0_38272 38272 726 38273 0 38272
Edge	1453	1441	21	0	0	0	4	-1
	Sequence	-edge_727_0_+disjointig_88_0_38272 38272 -726 38273 0 38272
Edge	1454	803	71	0	0	0	6	-1
	Sequence	+edge_728_0_+disjointig_89_0_12082 12082 727 12083 0 12082
Edge	1455	1081	986	0	0	0	6	-1
	Sequence	-edge_728_0_+disjointig_89_0_12082 12082 -727 12083 0 12082
Edge	1456	24	20	0	0	0	5	-1
	Sequence	+edge_729_0_+disjointig_9_0_21794 21794 728 21795 0 21794
Edge	1457	317	148	0	0	0	5	-1
	Sequence	-edge_729_0_+disjointig_9_0_21794 21794 -728 21795 0 21794
Edge	1458	563	37	0	0	0	6	-1
	Sequence	+edge_730_0_+disjointig_90_0_78400 78400 729 78401 0 78400
Edge	1459	209	19	0	0	0	6	-1
	Sequence	-edge_730_0_+disjointig_90_0_78400 78400 -729 78401 0 78400
Edge	1460	17	324	0	0	0	3	-1
	Sequence	+edge_731_0_+disjointig_91_0_49360 49360 730 49361 0 49360
Edge	1461	369	270	0	0	0	3	-1
	Sequence	-edge_731_0_+disjointig_91_0_49360 49360 -730 49361 0 49360
Edge	1462	16	15	0	0	0	6	-1
	Sequence	+edge_732_0_+disjointig_92_0_12853 12853 731 12854 0 12853
Edge	1463	1603	14	0	0	0	6	-1
	Sequence	-edge_732_0_+disjointig_92_0_12853 12853 -731 12854 0 12853
Edge	1464	13	12	0	0	0	3	-1
	Sequence	+edge_733_0_+disjointig_94_0_19414 19414 732 19415 0 19414
Edge	1465	11	976	0	0	0	3	-1
	Sequence	-edge_733_0_+disjointig_94_0_19414 19414 -732 19415 0 19414
Edge	1466	10	0	0	0	0	5	-1
	Sequence	+edge_734_0_+disjointig_95_0_40065 40065 733 64995 0 40065
Edge	1467	1	1066	0	0	0	5	-1
	Sequence	-edge_734_0_+disjointig_95_0_40065 40065 -733 64995 24929 64994
Edge	1474	8	18	0	0	0	5	-1
	Sequence	+edge_738_0_+disjointig_97_0_63364 63364 735 63365 0 63364
Edge	1475	306	7	0	0	0	5	-1
	Sequence	-edge_738_0_+disjointig_97_0_63364 63364 -735 63365 0 63364
Edge	1476	6	80	0	0	0	4	-1
	Sequence	+edge_739_0_+disjointig_98_0_40201 40201 736 40202 0 40201
Edge	1477	5	4	0	0	0	4	-1
	Sequence	-edge_739_0_+disjointig_98_0_40201 40201 -736 40202 0 40201
Edge	1480	1310	1310	1	0	0	185	-1
	Sequence	+edge_741_0_+disjointig_95_40065_57862 17797 733 64995 40065 57862
Edge	1481	9	9	1	0	0	185	-1
	Sequence	-edge_741_0_+disjointig_95_40065_57862 17797 -733 64995 7132 24929
